0.3236564637457366 
0.01089037651880181 
0.07370842688764855 
0.007694034578129193 
0.008268371038644364 
0.013175045428228728 
0.0098304522555987 
0.007771932487785157 
0.007771932487785157 
0.011029139043891713 
0.011029139043891713 
0.007771932487785157 
0.002997033514196224 
0.013852174946968018 
0.006416266052846515 
0.002997033514196224 
0.013852174946968018 
0.006247563626007664 
0.007890552040886255 
0.021871815944693864 
0.006247563626007663 
0.008175513330115005 
0.008175513330115005 
0.005255017854854745 
0.005255017854854745 
0.0060569563010406235 
0.008175513330115005 
0.004797138639040217 
0.004797138639040217 
0.009971119106166146 
0.009971119106166146 
0.009750790610983561 
0.009971119106166146 
0.045361944520318526 
0.028716823025758502 
0.02370733278682062 
0.022526752284650547 
0.02901994504658594 
0.18534582091051127 
