1000 299 140 1000 1000
1000 298 139 1000 1000
1000 297 138 1000 1000
1000 296 137 1000 1000
1000 295 136 1000 1000
1000 294 135 1000 1000
1000 293 134 1000 1000
1000 292 133 1000 1000
1000 291 132 1000 1000
1000 290 131 1000 1000
1000 289 130 1000 1000
1000 288 129 1000 1000
1000 287 128 1000 1000
1000 286 127 1000 1000
1000 285 126 1000 1000
1000 284 125 1000 1000
1000 283 124 1000 1000
1000 282 123 1000 1000
1000 281 122 1000 1000
1000 280 121 1000 1000
1000 279 120 1000 1000
1000 278 119 1000 1000
1000 277 118 1000 1000
1000 276 117 1000 1000
1000 275 116 1000 1000
1000 274 115 1000 1000
1000 273 114 1000 1000
1000 272 113 1000 1000
1000 271 112 1000 1000
1000 270 111 1000 1000
1000 269 110 1000 1000
1000 268 109 1000 1000
1000 267 108 1000 1000
1000 266 107 1000 1000
1000 265 106 1000 1000
1000 264 105 1000 1000
1000 263 104 1000 1000
1000 262 103 1000 1000
1000 261 102 1000 1000
1000 260 101 1000 1000
1000 259 100 1000 1000
1000 258 99 1000 1000
1000 257 98 1000 1000
1000 256 97 1000 1000
1000 255 96 1000 1000
1000 254 95 1000 1000
1000 253 94 1000 1000
1000 252 93 1000 1000
1000 251 92 1000 1000
1000 250 91 1000 1000
1000 249 90 1000 1000
1000 248 89 1000 1000
1000 247 88 1000 1000
1000 246 87 1000 1000
1000 245 86 1000 1000
1000 244 85 1000 1000
1000 243 84 1000 1000
1000 242 83 1000 1000
1000 241 82 1000 1000
1000 240 81 1000 1000
1000 239 80 1000 1000
1000 238 79 1000 1000
1000 237 78 1000 1000
1000 236 77 1000 1000
1000 235 76 1000 1000
1000 234 75 1000 1000
1000 233 74 1000 1000
1000 232 73 1000 1000
1000 231 72 1000 1000
1000 230 71 1000 1000
1000 229 70 1000 1000
1000 228 69 1000 1000
1000 227 68 1000 1000
1000 226 67 1000 1000
1000 225 66 1000 1000
1000 224 65 1000 1000
1000 223 64 1000 1000
1000 222 63 1000 1000
1000 221 62 1000 1000
1000 220 61 1000 1000
1000 219 60 1000 1000
1000 218 59 1000 1000
1000 217 58 1000 1000
1000 216 57 1000 1000
1000 215 56 1000 1000
1000 214 55 1000 1000
1000 213 54 1000 1000
1000 212 53 1000 1000
1000 211 52 1000 1000
1000 210 51 1000 1000
1000 209 50 1000 1000
1000 208 49 1000 1000
1000 207 48 1000 1000
1000 206 47 1000 1000
1000 205 46 1000 1000
1000 204 45 1000 1000
1000 203 44 1000 1000
1000 202 43 1000 1000
1000 201 42 1000 1000
1000 200 41 1000 1000
1000 199 40 1000 1000
1000 198 39 1000 1000
1000 197 38 1000 1000
1000 196 37 1000 1000
1000 195 36 1000 1000
1000 194 35 1000 1000
1000 193 34 1000 1000
1000 192 33 1000 1000
1000 191 32 1000 1000
1000 190 31 1000 1000
1000 189 30 1000 1000
1000 188 29 1000 1000
1000 187 28 1000 1000
1000 186 27 1000 1000
1000 185 26 1000 1000
1000 184 25 1000 1000
1000 183 24 1000 1000
1000 182 23 1000 1000
1000 181 22 1000 1000
1000 180 21 1000 1000
1000 179 20 1000 1000
1000 178 19 1000 1000
1000 177 18 1000 1000
1000 176 17 1000 1000
1000 175 16 1000 1000
1000 174 15 1000 1000
1000 173 14 1000 1000
1000 172 13 1000 1000
1000 171 12 1000 1000
1000 170 11 1000 1000
1000 169 10 1000 1000
1000 168 9 1000 1000
1000 167 8 1000 1000
1000 166 7 1000 1000
1000 165 6 1000 1000
1000 164 5 1000 1000
1000 163 4 1000 1000
1000 162 3 1000 1000
1000 161 2 1000 1000
1000 160 1 1000 1000
1000 159 0 1000 1000
1000 158 550 1000 1000
1000 157 549 1000 1000
1000 156 548 1000 1000
1000 155 547 1000 1000
1000 154 546 1000 1000
1000 153 545 1000 1000
1000 152 544 1000 1000
1000 151 543 1000 1000
1000 150 542 1000 1000
1000 149 541 1000 1000
1000 148 540 1000 1000
1000 147 539 1000 1000
1000 146 538 1000 1000
1000 145 537 1000 1000
1000 144 536 1000 1000
1000 143 535 1000 1000
1000 142 534 1000 1000
1000 141 533 1000 1000
1000 140 532 1000 1000
1000 139 531 1000 1000
1000 138 530 1000 1000
1000 137 529 1000 1000
1000 136 528 1000 1000
1000 135 527 1000 1000
1000 134 526 1000 1000
1000 133 525 1000 1000
1000 132 524 1000 1000
1000 131 523 1000 1000
1000 130 522 1000 1000
1000 129 521 1000 1000
1000 128 520 1000 1000
1000 127 519 1000 1000
1000 126 518 1000 1000
1000 125 517 1000 1000
1000 124 516 1000 1000
1000 123 515 1000 1000
1000 122 514 1000 1000
1000 121 513 1000 1000
1000 120 512 1000 1000
1000 119 511 1000 1000
1000 118 510 1000 1000
1000 117 509 1000 1000
1000 116 508 1000 1000
1000 115 507 1000 1000
1000 114 506 1000 1000
1000 113 505 1000 1000
1000 112 504 1000 1000
1000 111 503 1000 1000
1000 110 502 1000 1000
1000 109 501 1000 1000
1000 108 500 1000 1000
1000 107 499 1000 1000
1000 106 498 1000 1000
1000 105 497 1000 1000
1000 104 496 1000 1000
1000 103 495 1000 1000
1000 102 494 1000 1000
1000 101 493 1000 1000
1000 100 492 1000 1000
1000 99 491 1000 1000
1000 98 490 1000 1000
1000 97 489 1000 1000
1000 96 488 1000 1000
1000 95 487 1000 1000
1000 94 486 1000 1000
1000 93 485 1000 1000
1000 92 484 1000 1000
1000 91 483 1000 1000
1000 90 482 1000 1000
1000 89 481 1000 1000
1000 88 480 1000 1000
1000 87 479 1000 1000
1000 86 478 1000 1000
1000 85 477 1000 1000
1000 84 476 1000 1000
1000 83 475 1000 1000
1000 82 474 1000 1000
1000 81 473 1000 1000
1000 80 472 1000 1000
1000 79 471 1000 1000
1000 78 470 1000 1000
1000 77 469 1000 1000
1000 76 468 1000 1000
1000 75 467 1000 1000
1000 74 466 1000 1000
1000 73 465 1000 1000
1000 72 464 1000 1000
1000 71 463 1000 1000
1000 70 462 1000 1000
1000 69 461 1000 1000
1000 68 460 1000 1000
1000 67 459 1000 1000
1000 66 458 1000 1000
1000 65 457 1000 1000
1000 64 456 1000 1000
1000 63 455 1000 1000
1000 62 454 1000 1000
1000 61 453 1000 1000
1000 60 452 1000 1000
1000 59 451 1000 1000
1000 58 450 1000 1000
1000 57 449 1000 1000
1000 56 448 1000 1000
1000 55 447 1000 1000
1000 54 446 1000 1000
1000 53 445 1000 1000
1000 52 444 1000 1000
1000 51 443 1000 1000
1000 50 442 1000 1000
1000 49 441 1000 1000
1000 48 440 1000 1000
1000 47 439 1000 1000
1000 46 438 1000 1000
1000 45 437 1000 1000
1000 44 436 1000 1000
1000 43 435 1000 1000
1000 42 434 1000 1000
1000 41 433 1000 1000
1000 40 432 1000 1000
1000 39 431 1000 1000
1000 38 430 1000 1000
1000 37 429 1000 1000
1000 36 428 1000 1000
1000 35 427 1000 1000
1000 34 426 1000 1000
1000 33 425 1000 1000
1000 32 424 1000 1000
1000 31 423 1000 1000
1000 30 422 1000 1000
1000 29 421 1000 1000
1000 28 420 1000 1000
1000 27 419 1000 1000
1000 26 418 1000 1000
1000 25 417 1000 1000
1000 24 416 1000 1000
1000 23 415 1000 1000
1000 22 414 1000 1000
1000 21 413 1000 1000
1000 20 412 1000 1000
1000 19 411 1000 1000
1000 18 410 1000 1000
1000 17 409 1000 1000
1000 16 408 1000 1000
1000 15 407 1000 1000
1000 14 406 1000 1000
1000 13 405 1000 1000
1000 12 404 1000 1000
1000 11 403 1000 1000
1000 10 402 1000 1000
1000 9 401 1000 1000
1000 8 400 1000 1000
1000 7 399 1000 1000
1000 6 398 1000 1000
1000 5 397 1000 1000
1000 4 396 1000 1000
1000 3 395 1000 1000
1000 2 394 1000 1000
1000 1 393 1000 1000
1000 0 392 1000 1000
1000 1599 391 1000 1000
1000 1598 390 1000 1000
1000 1597 389 1000 1000
1000 1596 388 1000 1000
1000 1595 387 1000 1000
1000 1594 386 1000 1000
1000 1593 385 1000 1000
1000 1592 384 1000 1000
1000 1591 383 1000 1000
1000 1590 382 1000 1000
1000 1589 381 1000 1000
1000 1588 380 1000 1000
1000 1587 379 1000 1000
1000 1586 378 1000 1000
1000 1585 377 1000 1000
1000 1584 376 1000 1000
1000 1583 375 1000 1000
1000 1582 374 1000 1000
1000 1581 373 1000 1000
1000 1580 372 1000 1000
1000 1579 371 1000 1000
1000 1578 370 1000 1000
1000 1577 369 1000 1000
1000 1576 368 1000 1000
1000 1575 367 1000 1000
1000 1574 366 1000 1000
1000 1573 365 1000 1000
1000 1572 364 1000 1000
1000 1571 363 1000 1000
1000 1570 362 1000 1000
1000 1569 361 1000 1000
1000 1568 360 1000 1000
1000 1567 359 1000 1000
1000 1566 358 1000 1000
1000 1565 357 1000 1000
1000 1564 356 1000 1000
1000 1563 355 1000 1000
1000 1562 354 1000 1000
1000 1561 353 1000 1000
1000 1560 352 1000 1000
1000 1559 351 1000 1000
1000 1558 350 1000 1000
1000 1557 349 1000 1000
1000 1556 348 1000 1000
1000 1555 347 1000 1000
1000 1554 346 1000 1000
1000 1553 345 1000 1000
1000 1552 344 1000 1000
1000 1551 343 1000 1000
1000 1550 342 1000 1000
1000 1549 341 1000 1000
1000 1548 340 1000 1000
1000 1547 339 1000 1000
1000 1546 338 1000 1000
1000 1545 337 1000 1000
1000 1544 336 1000 1000
1000 1543 335 1000 1000
1000 1542 334 1000 1000
1000 1541 333 1000 1000
1000 1540 332 1000 1000
1000 1539 331 1000 1000
1000 1538 330 1000 1000
1000 1537 329 1000 1000
1000 1536 328 1000 1000
1000 1535 327 1000 1000
1000 1534 326 1000 1000
1000 1533 325 1000 1000
1000 1532 324 1000 1000
1000 1531 323 1000 1000
1000 1530 322 1000 1000
1000 1529 321 1000 1000
1000 1528 320 1000 1000
1000 1527 319 1000 1000
1000 1526 318 1000 1000
1000 1525 317 1000 1000
1000 1524 316 1000 1000
1000 1523 315 1000 1000
1000 1522 314 1000 1000
1000 1521 313 1000 1000
1000 1520 312 1000 1000
1000 1519 311 1000 1000
1000 1518 310 1000 1000
1000 1517 309 1000 1000
1000 1516 308 1000 1000
1000 1515 307 1000 1000
1000 1514 306 1000 1000
1000 1513 305 1000 1000
1000 1512 304 1000 1000
1000 1511 303 1000 1000
1000 1510 302 1000 1000
1000 1509 301 1000 1000
1000 1508 300 1000 1000
1000 1507 299 1000 1000
1000 1506 298 1000 1000
1000 1505 297 1000 1000
1000 1504 296 1000 1000
1000 1503 295 1000 1000
1000 1502 294 1000 1000
1000 1501 293 1000 1000
1000 1500 292 1000 1000
1000 1499 291 1000 1000
1000 1498 290 1000 1000
1000 1497 289 1000 1000
1000 1496 288 1000 1000
1000 1495 287 1000 1000
1000 1494 286 1000 1000
1000 1493 285 1000 1000
1000 1492 284 1000 1000
1000 1491 283 1000 1000
1000 1490 282 1000 1000
1000 1489 281 1000 1000
1000 1488 280 1000 1000
1000 1487 279 1000 1000
1000 1486 278 1000 1000
1000 1485 277 1000 1000
1000 1484 276 1000 1000
1000 1483 275 1000 1000
1000 1482 274 1000 1000
1000 1481 273 1000 1000
1000 1480 272 1000 1000
1000 1479 271 1000 1000
1000 1478 270 1000 1000
1000 1477 269 1000 1000
1000 1476 268 1000 1000
1000 1475 267 1000 1000
1000 1474 266 1000 1000
1000 1473 265 1000 1000
1000 1472 264 1000 1000
1000 1471 263 1000 1000
1000 1470 262 1000 1000
1000 1469 261 1000 1000
1000 1468 260 1000 1000
1000 1467 259 1000 1000
1000 1466 258 1000 1000
1000 1465 257 1000 1000
1000 1464 256 1000 1000
1000 1463 255 1000 1000
1000 1462 254 1000 1000
1000 1461 253 1000 1000
1000 1460 252 1000 1000
1000 1459 251 1000 1000
1000 1458 250 1000 1000
1000 1457 249 1000 1000
1000 1456 248 1000 1000
1000 1455 247 1000 1000
1000 1454 246 1000 1000
1000 1453 245 1000 1000
1000 1452 244 1000 1000
1000 1451 243 1000 1000
1000 1450 242 1000 1000
1000 1449 241 1000 1000
1000 1448 240 1000 1000
1000 1447 239 1000 1000
1000 1446 238 1000 1000
1000 1445 237 1000 1000
1000 1444 236 1000 1000
1000 1443 235 1000 1000
1000 1442 234 1000 1000
1000 1441 233 1000 1000
1000 1440 232 1000 1000
1000 1439 231 1000 1000
1000 1438 230 1000 1000
1000 1437 229 1000 1000
1000 1436 228 1000 1000
1000 1435 227 1000 1000
1000 1434 226 1000 1000
1000 1433 225 1000 1000
1000 1432 224 1000 1000
1000 1431 223 1000 1000
1000 1430 222 1000 1000
1000 1429 221 1000 1000
1000 1428 220 1000 1000
1000 1427 219 1000 1000
1000 1426 218 1000 1000
1000 1425 217 1000 1000
1000 1424 216 1000 1000
1000 1423 215 1000 1000
1000 1422 214 1000 1000
1000 1421 213 1000 1000
1000 1420 212 1000 1000
1000 1419 211 1000 1000
1000 1418 210 1000 1000
1000 1417 209 1000 1000
1000 1416 208 1000 1000
1000 1415 207 1000 1000
1000 1414 206 1000 1000
1000 1413 205 1000 1000
1000 1412 204 1000 1000
1000 1411 203 1000 1000
1000 1410 202 1000 1000
1000 1409 201 1000 1000
1000 1408 200 1000 1000
1000 1407 199 1000 1000
1000 1406 198 1000 1000
1000 1405 197 1000 1000
1000 1404 196 1000 1000
1000 1403 195 1000 1000
1000 1402 194 1000 1000
1000 1401 193 1000 1000
1000 1400 192 1000 1000
1000 1399 191 1000 1000
1000 1398 190 1000 1000
1000 1397 189 1000 1000
1000 1396 188 1000 1000
1000 1395 187 1000 1000
1000 1394 186 1000 1000
1000 1393 185 1000 1000
1000 1392 184 1000 1000
1000 1391 183 1000 1000
1000 1390 182 1000 1000
1000 1389 181 1000 1000
1000 1388 180 1000 1000
1000 1387 179 1000 1000
1000 1386 178 1000 1000
1000 1385 177 1000 1000
1000 1384 176 1000 1000
1000 1383 175 1000 1000
1000 1382 174 1000 1000
1000 1381 173 1000 1000
1000 1380 172 1000 1000
1000 1379 171 1000 1000
1000 1378 170 1000 1000
1000 1377 169 1000 1000
1000 1376 168 1000 1000
1000 1375 167 1000 1000
1000 1374 166 1000 1000
1000 1373 165 1000 1000
1000 1372 164 1000 1000
1000 1371 163 1000 1000
1000 1370 162 1000 1000
1000 1369 161 1000 1000
1000 1368 160 1000 1000
1000 1367 159 1000 1000
1000 1366 158 1000 1000
1000 1365 157 1000 1000
1000 1364 156 1000 1000
1000 1363 155 1000 1000
1000 1362 154 1000 1000
1000 1361 153 1000 1000
1000 1360 152 1000 1000
1000 1359 151 1000 1000
1000 1358 150 1000 1000
1000 1357 149 1000 1000
1000 1356 148 1000 1000
1000 1355 147 1000 1000
1000 1354 146 1000 1000
1000 1353 145 1000 1000
1000 1352 144 1000 1000
1000 1351 143 1000 1000
1000 1350 142 1000 1000
1000 1349 141 1000 1000
1000 1348 140 1000 1000
1000 1347 139 1000 1000
1000 1346 138 1000 1000
1000 1345 137 1000 1000
1000 1344 136 1000 1000
1000 1343 135 1000 1000
1000 1342 134 1000 1000
1000 1341 133 1000 1000
1000 1340 132 1000 1000
1000 1339 131 1000 1000
1000 1338 130 1000 1000
1000 1337 129 1000 1000
1000 1336 128 1000 1000
1000 1335 127 1000 1000
1000 1334 126 1000 1000
1000 1333 125 1000 1000
1000 1332 124 1000 1000
1000 1331 123 1000 1000
1000 1330 122 1000 1000
1000 1329 121 1000 1000
1000 1328 120 1000 1000
1000 1327 119 1000 1000
1000 1326 118 1000 1000
1000 1325 117 1000 1000
1000 1324 116 1000 1000
1000 1323 115 1000 1000
1000 1322 114 1000 1000
1000 1321 113 1000 1000
1000 1320 112 1000 1000
1000 1319 111 1000 1000
1000 1318 110 1000 1000
1000 1317 109 1000 1000
1000 1316 108 1000 1000
1000 1315 107 1000 1000
1000 1314 106 1000 1000
1000 1313 105 1000 1000
1000 1312 104 1000 1000
1000 1311 103 1000 1000
1000 1310 102 1000 1000
1000 1309 101 1000 1000
1000 1308 100 1000 1000
1000 1307 99 1000 1000
1000 1306 98 1000 1000
1000 1305 97 1000 1000
1000 1304 96 1000 1000
1000 1303 95 1000 1000
1000 1302 94 1000 1000
1000 1301 93 1000 1000
1000 1300 92 1000 1000
1000 1299 91 1000 1000
1000 1298 90 1000 1000
1000 1297 89 1000 1000
1000 1296 88 1000 1000
1000 1295 87 1000 1000
1000 1294 86 1000 1000
1000 1293 85 1000 1000
1000 1292 84 1000 1000
1000 1291 83 1000 1000
1000 1290 82 1000 1000
1000 1289 81 1000 1000
1000 1288 80 1000 1000
1000 1287 79 1000 1000
1000 1286 78 1000 1000
1000 1285 77 1000 1000
1000 1284 76 1000 1000
1000 1283 75 1000 1000
1000 1282 74 1000 1000
1000 1281 73 1000 1000
1000 1280 72 1000 1000
1000 1279 71 1000 1000
1000 1278 70 1000 1000
1000 1277 69 1000 1000
1000 1276 68 1000 1000
1000 1275 67 1000 1000
1000 1274 66 1000 1000
1000 1273 65 1000 1000
1000 1272 64 1000 1000
1000 1271 63 1000 1000
1000 1270 62 1000 1000
1000 1269 61 1000 1000
1000 1268 60 1000 1000
1000 1267 59 1000 1000
1000 1266 58 1000 1000
1000 1265 57 1000 1000
1000 1264 56 1000 1000
1000 1263 55 1000 1000
1000 1262 54 1000 1000
1000 1261 53 1000 1000
1000 1260 52 1000 1000
1000 1259 51 1000 1000
1000 1258 50 1000 1000
1000 1257 49 1000 1000
1000 1256 48 1000 1000
1000 1255 47 1000 1000
1000 1254 46 1000 1000
1000 1253 45 1000 1000
1000 1252 44 1000 1000
1000 1251 43 1000 1000
1000 1250 42 1000 1000
1000 1249 41 1000 1000
1000 1248 40 1000 1000
1000 1247 39 1000 1000
1000 1246 38 1000 1000
1000 1245 37 1000 1000
1000 1244 36 1000 1000
1000 1243 35 1000 1000
1000 1242 34 1000 1000
1000 1241 33 1000 1000
1000 1240 32 1000 1000
1000 1239 31 1000 1000
1000 1238 30 1000 1000
1000 1237 29 1000 1000
1000 1236 28 1000 1000
1000 1235 27 1000 1000
1000 1234 26 1000 1000
1000 1233 25 1000 1000
1000 1232 24 1000 1000
1000 1231 23 1000 1000
1000 1230 22 1000 1000
1000 1229 21 1000 1000
1000 1228 20 1000 1000
1000 1227 19 1000 1000
1000 1226 18 1000 1000
1000 1225 17 1000 1000
1000 1224 16 1000 1000
1000 1223 15 1000 1000
1000 1222 14 1000 1000
1000 1221 13 1000 1000
1000 1220 12 1000 1000
1000 1219 11 1000 1000
1000 1218 10 1000 1000
1000 1217 9 1000 1000
1000 1216 8 1000 1000
1000 1215 7 1000 1000
1000 1214 6 1000 1000
1000 1213 5 1000 1000
1000 1212 4 1000 1000
1000 1211 3 1000 1000
1000 1210 2 1000 1000
1000 1209 1 1000 1000
1000 1208 0 1000 1000
1000 1207 1048 1000 1000
1000 1206 1047 1000 1000
1000 1205 1046 1000 1000
1000 1204 1045 1000 1000
1000 1203 1044 1000 1000
1000 1202 1043 1000 1000
1000 1201 1042 1000 1000
1000 1200 1041 1000 1000
1000 1199 1040 1000 1000
1000 1198 1039 1000 1000
1000 1197 1038 1000 1000
1000 1196 1037 1000 1000
1000 1195 1036 1000 1000
1000 1194 1035 1000 1000
1000 1193 1034 1000 1000
1000 1192 1033 1000 1000
1000 1191 1032 1000 1000
1000 1190 1031 1000 1000
1000 1189 1030 1000 1000
1000 1188 1029 1000 1000
1000 1187 1028 1000 1000
1000 1186 1027 1000 1000
1000 1185 1026 1000 1000
1000 1184 1025 1000 1000
1000 1183 1024 1000 1000
1000 1182 1023 1000 1000
1000 1181 1022 1000 1000
1000 1180 1021 1000 1000
1000 1179 1020 1000 1000
1000 1178 1019 1000 1000
1000 1177 1018 1000 1000
1000 1176 1017 1000 1000
1000 1175 1016 1000 1000
1000 1174 1015 1000 1000
1000 1173 1014 1000 1000
1000 1172 1013 1000 1000
1000 1171 1012 1000 1000
1000 1170 1011 1000 1000
1000 1169 1010 1000 1000
1000 1168 1009 1000 1000
1000 1167 1008 1000 1000
1000 1166 1007 1000 1000
1000 1165 1006 1000 1000
1000 1164 1005 1000 1000
1000 1163 1004 1000 1000
1000 1162 1003 1000 1000
1000 1161 1002 1000 1000
1000 1160 1001 1000 1000
1000 1159 1000 1000 1000
1000 1158 999 1000 1000
1000 1157 998 1000 1000
1000 1156 997 1000 1000
1000 1155 996 1000 1000
1000 1154 995 1000 1000
1000 1153 994 1000 1000
1000 1152 993 1000 1000
1000 1151 992 1000 1000
1000 1150 991 1000 1000
1000 1149 990 1000 1000
1000 1148 989 1000 1000
1000 1147 988 1000 1000
1000 1146 987 1000 1000
1000 1145 986 1000 1000
1000 1144 985 1000 1000
1000 1143 984 1000 1000
1000 1142 983 1000 1000
1000 1141 982 1000 1000
1000 1140 981 1000 1000
1000 1139 980 1000 1000
1000 1138 979 1000 1000
1000 1137 978 1000 1000
1000 1136 977 1000 1000
1000 1135 976 1000 1000
1000 1134 975 1000 1000
1000 1133 974 1000 1000
1000 1132 973 1000 1000
1000 1131 972 1000 1000
1000 1130 971 1000 1000
1000 1129 970 1000 1000
1000 1128 969 1000 1000
1000 1127 968 1000 1000
1000 1126 967 1000 1000
1000 1125 966 1000 1000
1000 1124 965 1000 1000
1000 1123 964 1000 1000
1000 1122 963 1000 1000
1000 1121 962 1000 1000
1000 1120 961 1000 1000
1000 1119 960 1000 1000
1000 1118 959 1000 1000
1000 1117 958 1000 1000
1000 1116 957 1000 1000
1000 1115 956 1000 1000
1000 1114 955 1000 1000
1000 1113 954 1000 1000
1000 1112 953 1000 1000
1000 1111 952 1000 1000
1000 1110 951 1000 1000
1000 1109 950 1000 1000
1000 1108 949 1000 1000
1000 1107 948 1000 1000
1000 1106 947 1000 1000
1000 1105 946 1000 1000
1000 1104 945 1000 1000
1000 1103 944 1000 1000
1000 1102 943 1000 1000
1000 1101 942 1000 1000
1000 1100 941 1000 1000
1000 1099 940 1000 1000
1000 1098 939 1000 1000
1000 1097 938 1000 1000
1000 1096 937 1000 1000
1000 1095 936 1000 1000
1000 1094 935 1000 1000
1000 1093 934 1000 1000
1000 1092 933 1000 1000
1000 1091 932 1000 1000
1000 1090 931 1000 1000
1000 1089 930 1000 1000
1000 1088 929 1000 1000
1000 1087 928 1000 1000
1000 1086 927 1000 1000
1000 1085 926 1000 1000
1000 1084 925 1000 1000
1000 1083 924 1000 1000
1000 1082 923 1000 1000
1000 1081 922 1000 1000
1000 1080 921 1000 1000
1000 1079 920 1000 1000
1000 1078 919 1000 1000
1000 1077 918 1000 1000
1000 1076 917 1000 1000
1000 1075 916 1000 1000
1000 1074 915 1000 1000
1000 1073 914 1000 1000
1000 1072 913 1000 1000
1000 1071 912 1000 1000
1000 1070 911 1000 1000
1000 1069 910 1000 1000
1000 1068 909 1000 1000
1000 1067 908 1000 1000
1000 1066 907 1000 1000
1000 1065 906 1000 1000
1000 1064 905 1000 1000
1000 1063 904 1000 1000
1000 1062 903 1000 1000
1000 1061 902 1000 1000
1000 1060 901 1000 1000
1000 1059 900 1000 1000
1000 1058 899 1000 1000
1000 1057 898 1000 1000
1000 1056 897 1000 1000
1000 1055 896 1000 1000
1000 1054 895 1000 1000
1000 1053 894 1000 1000
1000 1052 893 1000 1000
1000 1051 892 1000 1000
1000 1050 891 1000 1000
1000 1049 890 1000 1000
1000 1048 889 1000 1000
1000 1047 888 1000 1000
1000 1046 887 1000 1000
1000 1045 886 1000 1000
1000 1044 885 1000 1000
1000 1043 884 1000 1000
1000 1042 883 1000 1000
1000 1041 882 1000 1000
1000 1040 881 1000 1000
1000 1039 880 1000 1000
1000 1038 879 1000 1000
1000 1037 878 1000 1000
1000 1036 877 1000 1000
1000 1035 876 1000 1000
1000 1034 875 1000 1000
1000 1033 874 1000 1000
1000 1032 873 1000 1000
1000 1031 872 1000 1000
1000 1030 871 1000 1000
1000 1029 870 1000 1000
1000 1028 869 1000 1000
1000 1027 868 1000 1000
1000 1026 867 1000 1000
1000 1025 866 1000 1000
1000 1024 865 1000 1000
1000 1023 864 1000 1000
1000 1022 863 1000 1000
1000 1021 862 1000 1000
1000 1020 861 1000 1000
1000 1019 860 1000 1000
1000 1018 859 1000 1000
1000 1017 858 1000 1000
1000 1016 857 1000 1000
1000 1015 856 1000 1000
1000 1014 855 1000 1000
1000 1013 854 1000 1000
1000 1012 853 1000 1000
1000 1011 852 1000 1000
1000 1010 851 1000 1000
1000 1009 850 1000 1000
1000 1008 849 1000 1000
1000 1007 848 1000 1000
1000 1006 847 1000 1000
1000 1005 846 1000 1000
1000 1004 845 1000 1000
1000 1003 844 1000 1000
1000 1002 843 1000 1000
1000 1001 842 1000 1000
1000 1000 841 1000 1000
1000 999 840 1000 1000
1000 998 839 1000 1000
1000 997 838 1000 1000
1000 996 837 1000 1000
1000 995 836 1000 1000
1000 994 835 1000 1000
1000 993 834 1000 1000
1000 992 833 1000 1000
1000 991 832 1000 1000
1000 990 831 1000 1000
1000 989 830 1000 1000
1000 988 829 1000 1000
1000 987 828 1000 1000
1000 986 827 1000 1000
1000 985 826 1000 1000
1000 984 825 1000 1000
1000 983 824 1000 1000
1000 982 823 1000 1000
1000 981 822 1000 1000
1000 980 821 1000 1000
1000 979 820 1000 1000
1000 978 819 1000 1000
1000 977 818 1000 1000
1000 976 817 1000 1000
1000 975 816 1000 1000
1000 974 815 1000 1000
1000 973 814 1000 1000
1000 972 813 1000 1000
1000 971 812 1000 1000
1000 970 811 1000 1000
1000 969 810 1000 1000
1000 968 809 1000 1000
1000 967 808 1000 1000
1000 966 807 1000 1000
1000 965 806 1000 1000
1000 964 805 1000 1000
1000 963 804 1000 1000
1000 962 803 1000 1000
1000 961 802 1000 1000
1000 960 801 1000 1000
1000 959 800 1000 1000
1000 958 799 1000 1000
1000 957 798 1000 1000
1000 956 797 1000 1000
1000 955 796 1000 1000
1000 954 795 1000 1000
1000 953 794 1000 1000
1000 952 793 1000 1000
1000 951 792 1000 1000
1000 950 791 1000 1000
1000 949 790 1000 1000
1000 948 789 1000 1000
1000 947 788 1000 1000
1000 946 787 1000 1000
1000 945 786 1000 1000
1000 944 785 1000 1000
1000 943 784 1000 1000
1000 942 783 1000 1000
1000 941 782 1000 1000
1000 940 781 1000 1000
1000 939 780 1000 1000
1000 938 779 1000 1000
1000 937 778 1000 1000
1000 936 777 1000 1000
1000 935 776 1000 1000
1000 934 775 1000 1000
1000 933 774 1000 1000
1000 932 773 1000 1000
1000 931 772 1000 1000
1000 930 771 1000 1000
1000 929 770 1000 1000
1000 928 769 1000 1000
1000 927 768 1000 1000
1000 926 767 1000 1000
1000 925 766 1000 1000
1000 924 765 1000 1000
1000 923 764 1000 1000
1000 922 763 1000 1000
1000 921 762 1000 1000
1000 920 761 1000 1000
1000 919 760 1000 1000
1000 918 759 1000 1000
1000 917 758 1000 1000
1000 916 757 1000 1000
1000 915 756 1000 1000
1000 914 755 1000 1000
1000 913 754 1000 1000
1000 912 753 1000 1000
1000 911 752 1000 1000
1000 910 751 1000 1000
1000 909 750 1000 1000
1000 908 749 1000 1000
1000 907 748 1000 1000
1000 906 747 1000 1000
1000 905 746 1000 1000
1000 904 745 1000 1000
1000 903 744 1000 1000
1000 902 743 1000 1000
1000 901 742 1000 1000
1000 900 741 1000 1000
1000 899 740 1000 1000
1000 898 739 1000 1000
1000 897 738 1000 1000
1000 896 737 1000 1000
1000 895 736 1000 1000
1000 894 735 1000 1000
1000 893 734 1000 1000
1000 892 733 1000 1000
1000 891 732 1000 1000
1000 890 731 1000 1000
1000 889 730 1000 1000
1000 888 729 1000 1000
1000 887 728 1000 1000
1000 886 727 1000 1000
1000 885 726 1000 1000
1000 884 725 1000 1000
1000 883 724 1000 1000
1000 882 723 1000 1000
1000 881 722 1000 1000
1000 880 721 1000 1000
1000 879 720 1000 1000
1000 878 719 1000 1000
1000 877 718 1000 1000
1000 876 717 1000 1000
1000 875 716 1000 1000
1000 874 715 1000 1000
1000 873 714 1000 1000
1000 872 713 1000 1000
1000 871 712 1000 1000
1000 870 711 1000 1000
1000 869 710 1000 1000
1000 868 709 1000 1000
1000 867 708 1000 1000
1000 866 707 1000 1000
1000 865 706 1000 1000
1000 864 705 1000 1000
1000 863 704 1000 1000
1000 862 703 1000 1000
1000 861 702 1000 1000
1000 860 701 1000 1000
1000 859 700 1000 1000
1000 858 699 1000 1000
1000 857 698 1000 1000
1000 856 697 1000 1000
1000 855 696 1000 1000
1000 854 695 1000 1000
1000 853 694 1000 1000
1000 852 693 1000 1000
1000 851 692 1000 1000
1000 850 691 1000 1000
1000 849 690 1000 1000
1000 848 689 1000 1000
1000 847 688 1000 1000
1000 846 687 1000 1000
1000 845 686 1000 1000
1000 844 685 1000 1000
1000 843 684 1000 1000
1000 842 683 1000 1000
1000 841 682 1000 1000
1000 840 681 1000 1000
1000 839 680 1000 1000
1000 838 679 1000 1000
1000 837 678 1000 1000
1000 836 677 1000 1000
1000 835 676 1000 1000
1000 834 675 1000 1000
1000 833 674 1000 1000
1000 832 673 1000 1000
1000 831 672 1000 1000
1000 830 671 1000 1000
1000 829 670 1000 1000
1000 828 669 1000 1000
1000 827 668 1000 1000
1000 826 667 1000 1000
1000 825 666 1000 1000
1000 824 665 1000 1000
1000 823 664 1000 1000
1000 822 663 1000 1000
1000 821 662 1000 1000
1000 820 661 1000 1000
1000 819 660 1000 1000
1000 818 659 1000 1000
1000 817 658 1000 1000
1000 816 657 1000 1000
1000 815 656 1000 1000
1000 814 655 1000 1000
1000 813 654 1000 1000
1000 812 653 1000 1000
1000 811 652 1000 1000
1000 810 651 1000 1000
1000 809 650 1000 1000
1000 808 649 1000 1000
1000 807 648 1000 1000
1000 806 647 1000 1000
1000 805 646 1000 1000
1000 804 645 1000 1000
1000 803 644 1000 1000
1000 802 643 1000 1000
1000 801 642 1000 1000
1000 800 641 1000 1000
1000 799 640 1000 1000
1000 798 639 1000 1000
1000 797 638 1000 1000
1000 796 637 1000 1000
1000 795 636 1000 1000
1000 794 635 1000 1000
1000 793 634 1000 1000
1000 792 633 1000 1000
1000 791 632 1000 1000
1000 790 631 1000 1000
1000 789 630 1000 1000
1000 788 629 1000 1000
1000 787 628 1000 1000
1000 786 627 1000 1000
1000 785 626 1000 1000
1000 784 625 1000 1000
1000 783 624 1000 1000
1000 782 623 1000 1000
1000 781 622 1000 1000
1000 780 621 1000 1000
1000 779 620 1000 1000
1000 778 619 1000 1000
1000 777 618 1000 1000
1000 776 617 1000 1000
1000 775 616 1000 1000
1000 774 615 1000 1000
1000 773 614 1000 1000
1000 772 613 1000 1000
1000 771 612 1000 1000
1000 770 611 1000 1000
1000 769 610 1000 1000
1000 768 609 1000 1000
1000 767 608 1000 1000
1000 766 607 1000 1000
1000 765 606 1000 1000
1000 764 605 1000 1000
1000 763 604 1000 1000
1000 762 603 1000 1000
1000 761 602 1000 1000
1000 760 601 1000 1000
1000 759 600 1000 1000
1000 758 599 1000 1000
1000 757 598 1000 1000
1000 756 597 1000 1000
1000 755 596 1000 1000
1000 754 595 1000 1000
1000 753 594 1000 1000
1000 752 593 1000 1000
1000 751 592 1000 1000
1000 750 591 1000 1000
1000 749 590 1000 1000
1000 748 589 1000 1000
1000 747 588 1000 1000
1000 746 587 1000 1000
1000 745 586 1000 1000
1000 744 585 1000 1000
1000 743 584 1000 1000
1000 742 583 1000 1000
1000 741 582 1000 1000
1000 740 581 1000 1000
1000 739 580 1000 1000
1000 738 579 1000 1000
1000 737 578 1000 1000
1000 736 577 1000 1000
1000 735 576 1000 1000
1000 734 575 1000 1000
1000 733 574 1000 1000
1000 732 573 1000 1000
1000 731 572 1000 1000
1000 730 571 1000 1000
1000 729 570 1000 1000
1000 728 569 1000 1000
1000 727 568 1000 1000
1000 726 567 1000 1000
1000 725 566 1000 1000
1000 724 565 1000 1000
1000 723 564 1000 1000
1000 722 563 1000 1000
1000 721 562 1000 1000
1000 720 561 1000 1000
1000 719 560 1000 1000
1000 718 559 1000 1000
1000 717 558 1000 1000
1000 716 557 1000 1000
1000 715 556 1000 1000
1000 714 555 1000 1000
1000 713 554 1000 1000
1000 712 553 1000 1000
1000 711 552 1000 1000
1000 710 551 1000 1000
1000 709 550 1000 1000
1000 708 549 1000 1000
1000 707 548 1000 1000
1000 706 547 1000 1000
1000 705 546 1000 1000
1000 704 545 1000 1000
1000 703 544 1000 1000
1000 702 543 1000 1000
1000 701 542 1000 1000
1000 700 541 1000 1000
1000 699 540 1000 1000
1000 698 539 1000 1000
1000 697 538 1000 1000
1000 696 537 1000 1000
1000 695 536 1000 1000
1000 694 535 1000 1000
1000 693 534 1000 1000
1000 692 533 1000 1000
1000 691 532 1000 1000
1000 690 531 1000 1000
1000 689 530 1000 1000
1000 688 529 1000 1000
1000 687 528 1000 1000
1000 686 527 1000 1000
1000 685 526 1000 1000
1000 684 525 1000 1000
1000 683 524 1000 1000
1000 682 523 1000 1000
1000 681 522 1000 1000
1000 680 521 1000 1000
1000 679 520 1000 1000
1000 678 519 1000 1000
1000 677 518 1000 1000
1000 676 517 1000 1000
1000 675 516 1000 1000
1000 674 515 1000 1000
1000 673 514 1000 1000
1000 672 513 1000 1000
1000 671 512 1000 1000
1000 670 511 1000 1000
1000 669 510 1000 1000
1000 668 509 1000 1000
1000 667 508 1000 1000
1000 666 507 1000 1000
1000 665 506 1000 1000
1000 664 505 1000 1000
1000 663 504 1000 1000
1000 662 503 1000 1000
1000 661 502 1000 1000
1000 660 501 1000 1000
1000 659 500 1000 1000
1000 658 499 1000 1000
1000 657 498 1000 1000
1000 656 497 1000 1000
1000 655 496 1000 1000
1000 654 495 1000 1000
1000 653 494 1000 1000
1000 652 493 1000 1000
1000 651 492 1000 1000
1000 650 491 1000 1000
1000 649 490 1000 1000
1000 648 489 1000 1000
1000 647 488 1000 1000
1000 646 487 1000 1000
1000 645 486 1000 1000
1000 644 485 1000 1000
1000 643 484 1000 1000
1000 642 483 1000 1000
1000 641 482 1000 1000
1000 640 481 1000 1000
1000 639 480 1000 1000
1000 638 479 1000 1000
1000 637 478 1000 1000
1000 636 477 1000 1000
1000 635 476 1000 1000
1000 634 475 1000 1000
1000 633 474 1000 1000
1000 632 473 1000 1000
1000 631 472 1000 1000
1000 630 471 1000 1000
1000 629 470 1000 1000
1000 628 469 1000 1000
1000 627 468 1000 1000
1000 626 467 1000 1000
1000 625 466 1000 1000
1000 624 465 1000 1000
1000 623 464 1000 1000
1000 622 463 1000 1000
1000 621 462 1000 1000
1000 620 461 1000 1000
1000 619 460 1000 1000
1000 618 459 1000 1000
1000 617 458 1000 1000
1000 616 457 1000 1000
1000 615 456 1000 1000
1000 614 455 1000 1000
1000 613 454 1000 1000
1000 612 453 1000 1000
1000 611 452 1000 1000
1000 610 451 1000 1000
1000 609 450 1000 1000
1000 608 449 1000 1000
1000 607 448 1000 1000
1000 606 447 1000 1000
1000 605 446 1000 1000
1000 604 445 1000 1000
1000 603 444 1000 1000
1000 602 443 1000 1000
1000 601 442 1000 1000
1000 600 441 1000 1000
1000 599 440 1000 1000
1000 598 439 1000 1000
1000 597 438 1000 1000
1000 596 437 1000 1000
1000 595 436 1000 1000
1000 594 435 1000 1000
1000 593 434 1000 1000
1000 592 433 1000 1000
1000 591 432 1000 1000
1000 590 431 1000 1000
1000 589 430 1000 1000
1000 588 429 1000 1000
1000 587 428 1000 1000
1000 586 427 1000 1000
1000 585 426 1000 1000
1000 584 425 1000 1000
1000 583 424 1000 1000
1000 582 423 1000 1000
1000 581 422 1000 1000
1000 580 421 1000 1000
1000 579 420 1000 1000
1000 578 419 1000 1000
1000 577 418 1000 1000
1000 576 417 1000 1000
1000 575 416 1000 1000
1000 574 415 1000 1000
1000 573 414 1000 1000
1000 572 413 1000 1000
1000 571 412 1000 1000
1000 570 411 1000 1000
1000 569 410 1000 1000
1000 568 409 1000 1000
1000 567 408 1000 1000
1000 566 407 1000 1000
1000 565 406 1000 1000
1000 564 405 1000 1000
1000 563 404 1000 1000
1000 562 403 1000 1000
1000 561 402 1000 1000
1000 560 401 1000 1000
1000 559 400 1000 1000
1000 558 399 1000 1000
1000 557 398 1000 1000
1000 556 397 1000 1000
1000 555 396 1000 1000
1000 554 395 1000 1000
1000 553 394 1000 1000
1000 552 393 1000 1000
1000 551 392 1000 1000
1000 550 391 1000 1000
1000 549 390 1000 1000
1000 548 389 1000 1000
1000 547 388 1000 1000
1000 546 387 1000 1000
1000 545 386 1000 1000
1000 544 385 1000 1000
1000 543 384 1000 1000
1000 542 383 1000 1000
1000 541 382 1000 1000
1000 540 381 1000 1000
1000 539 380 1000 1000
1000 538 379 1000 1000
1000 537 378 1000 1000
1000 536 377 1000 1000
1000 535 376 1000 1000
1000 534 375 1000 1000
1000 533 374 1000 1000
1000 532 373 1000 1000
1000 531 372 1000 1000
1000 530 371 1000 1000
1000 529 370 1000 1000
1000 528 369 1000 1000
1000 527 368 1000 1000
1000 526 367 1000 1000
1000 525 366 1000 1000
1000 524 365 1000 1000
1000 523 364 1000 1000
1000 522 363 1000 1000
1000 521 362 1000 1000
1000 520 361 1000 1000
1000 519 360 1000 1000
1000 518 359 1000 1000
1000 517 358 1000 1000
1000 516 357 1000 1000
1000 515 356 1000 1000
1000 514 355 1000 1000
1000 513 354 1000 1000
1000 512 353 1000 1000
1000 511 352 1000 1000
1000 510 351 1000 1000
1000 509 350 1000 1000
1000 508 349 1000 1000
1000 507 348 1000 1000
1000 506 347 1000 1000
1000 505 346 1000 1000
1000 504 345 1000 1000
1000 503 344 1000 1000
1000 502 343 1000 1000
1000 501 342 1000 1000
1000 500 341 1000 1000
1000 499 340 1000 1000
1000 498 339 1000 1000
1000 497 338 1000 1000
1000 496 337 1000 1000
1000 495 336 1000 1000
1000 494 335 1000 1000
1000 493 334 1000 1000
1000 492 333 1000 1000
1000 491 332 1000 1000
1000 490 331 1000 1000
1000 489 330 1000 1000
1000 488 329 1000 1000
1000 487 328 1000 1000
1000 486 327 1000 1000
1000 485 326 1000 1000
1000 484 325 1000 1000
1000 483 324 1000 1000
1000 482 323 1000 1000
1000 481 322 1000 1000
1000 480 321 1000 1000
1000 479 320 1000 1000
1000 478 319 1000 1000
1000 477 318 1000 1000
1000 476 317 1000 1000
1000 475 316 1000 1000
1000 474 315 1000 1000
1000 473 314 1000 1000
1000 472 313 1000 1000
1000 471 312 1000 1000
1000 470 311 1000 1000
1000 469 310 1000 1000
1000 468 309 1000 1000
1000 467 308 1000 1000
1000 466 307 1000 1000
1000 465 306 1000 1000
1000 464 305 1000 1000
1000 463 304 1000 1000
1000 462 303 1000 1000
1000 461 302 1000 1000
1000 460 301 1000 1000
1000 459 300 1000 1000
1000 458 299 1000 1000
1000 457 298 1000 1000
1000 456 297 1000 1000
1000 455 296 1000 1000
1000 454 295 1000 1000
1000 453 294 1000 1000
1000 452 293 1000 1000
1000 451 292 1000 1000
1000 450 291 1000 1000
1000 449 290 1000 1000
1000 448 289 1000 1000
1000 447 288 1000 1000
1000 446 287 1000 1000
1000 445 286 1000 1000
1000 444 285 1000 1000
1000 443 284 1000 1000
1000 442 283 1000 1000
1000 441 282 1000 1000
1000 440 281 1000 1000
1000 439 280 1000 1000
1000 438 279 1000 1000
1000 437 278 1000 1000
1000 436 277 1000 1000
1000 435 276 1000 1000
1000 434 275 1000 1000
1000 433 274 1000 1000
1000 432 273 1000 1000
1000 431 272 1000 1000
1000 430 271 1000 1000
1000 429 270 1000 1000
1000 428 269 1000 1000
1000 427 268 1000 1000
1000 426 267 1000 1000
1000 425 266 1000 1000
1000 424 265 1000 1000
1000 423 264 1000 1000
1000 422 263 1000 1000
1000 421 262 1000 1000
1000 420 261 1000 1000
1000 419 260 1000 1000
1000 418 259 1000 1000
1000 417 258 1000 1000
1000 416 257 1000 1000
1000 415 256 1000 1000
1000 414 255 1000 1000
1000 413 254 1000 1000
1000 412 253 1000 1000
1000 411 252 1000 1000
1000 410 251 1000 1000
1000 409 250 1000 1000
1000 408 249 1000 1000
1000 407 248 1000 1000
1000 406 247 1000 1000
1000 405 246 1000 1000
1000 404 245 1000 1000
1000 403 244 1000 1000
1000 402 243 1000 1000
1000 401 242 1000 1000
1000 400 241 1000 1000
1000 399 240 1000 1000
1000 398 239 1000 1000
1000 397 238 1000 1000
1000 396 237 1000 1000
1000 395 236 1000 1000
1000 394 235 1000 1000
1000 393 234 1000 1000
1000 392 233 1000 1000
1000 391 232 1000 1000
1000 390 231 1000 1000
1000 389 230 1000 1000
1000 388 229 1000 1000
1000 387 228 1000 1000
1000 386 227 1000 1000
1000 385 226 1000 1000
1000 384 225 1000 1000
1000 383 224 1000 1000
1000 382 223 1000 1000
1000 381 222 1000 1000
1000 380 221 1000 1000
1000 379 220 1000 1000
1000 378 219 1000 1000
1000 377 218 1000 1000
1000 376 217 1000 1000
1000 375 216 1000 1000
1000 374 215 1000 1000
1000 373 214 1000 1000
1000 372 213 1000 1000
1000 371 212 1000 1000
1000 370 211 1000 1000
1000 369 210 1000 1000
1000 368 209 1000 1000
1000 367 208 1000 1000
1000 366 207 1000 1000
1000 365 206 1000 1000
1000 364 205 1000 1000
1000 363 204 1000 1000
1000 362 203 1000 1000
1000 361 202 1000 1000
1000 360 201 1000 1000
1000 359 200 1000 1000
1000 358 199 1000 1000
1000 357 198 1000 1000
1000 356 197 1000 1000
1000 355 196 1000 1000
1000 354 195 1000 1000
1000 353 194 1000 1000
1000 352 193 1000 1000
1000 351 192 1000 1000
1000 350 191 1000 1000
1000 349 190 1000 1000
1000 348 189 1000 1000
1000 347 188 1000 1000
1000 346 187 1000 1000
1000 345 186 1000 1000
1000 344 185 1000 1000
1000 343 184 1000 1000
1000 342 183 1000 1000
1000 341 182 1000 1000
1000 340 181 1000 1000
1000 339 180 1000 1000
1000 338 179 1000 1000
1000 337 178 1000 1000
1000 336 177 1000 1000
1000 335 176 1000 1000
1000 334 175 1000 1000
1000 333 174 1000 1000
1000 332 173 1000 1000
1000 331 172 1000 1000
1000 330 171 1000 1000
1000 329 170 1000 1000
1000 328 169 1000 1000
1000 327 168 1000 1000
1000 326 167 1000 1000
1000 325 166 1000 1000
1000 324 165 1000 1000
1000 323 164 1000 1000
1000 322 163 1000 1000
1000 321 162 1000 1000
1000 320 161 1000 1000
1000 319 160 1000 1000
1000 318 159 1000 1000
1000 317 158 1000 1000
1000 316 157 1000 1000
1000 315 156 1000 1000
1000 314 155 1000 1000
1000 313 154 1000 1000
1000 312 153 1000 1000
1000 311 152 1000 1000
1000 310 151 1000 1000
1000 309 150 1000 1000
1000 308 149 1000 1000
1000 307 148 1000 1000
1000 306 147 1000 1000
1000 305 146 1000 1000
1000 304 145 1000 1000
1000 303 144 1000 1000
1000 302 143 1000 1000
1000 301 142 1000 1000
1000 300 141 1000 1000
1000 299 140 1000 1000
1000 298 139 1000 1000
1000 297 138 1000 1000
1000 296 137 1000 1000
1000 295 136 1000 1000
1000 294 135 1000 1000
1000 293 134 1000 1000
1000 292 133 1000 1000
1000 291 132 1000 1000
1000 290 131 1000 1000
1000 289 130 1000 1000
1000 288 129 1000 1000
1000 287 128 1000 1000
1000 286 127 1000 1000
1000 285 126 1000 1000
1000 284 125 1000 1000
1000 283 124 1000 1000
1000 282 123 1000 1000
1000 281 122 1000 1000
1000 280 121 1000 1000
1000 279 120 1000 1000
1000 278 119 1000 1000
1000 277 118 1000 1000
1000 276 117 1000 1000
1000 275 116 1000 1000
1000 274 115 1000 1000
1000 273 114 1000 1000
1000 272 113 1000 1000
1000 271 112 1000 1000
1000 270 111 1000 1000
1000 269 110 1000 1000
1000 268 109 1000 1000
1000 267 108 1000 1000
1000 266 107 1000 1000
1000 265 106 1000 1000
1000 264 105 1000 1000
1000 263 104 1000 1000
1000 262 103 1000 1000
1000 261 102 1000 1000
1000 260 101 1000 1000
1000 259 100 1000 1000
1000 258 99 1000 1000
1000 257 98 1000 1000
1000 256 97 1000 1000
1000 255 96 1000 1000
1000 254 95 1000 1000
1000 253 94 1000 1000
1000 252 93 1000 1000
1000 251 92 1000 1000
1000 250 91 1000 1000
1000 249 90 1000 1000
1000 248 89 1000 1000
1000 247 88 1000 1000
1000 246 87 1000 1000
1000 245 86 1000 1000
1000 244 85 1000 1000
1000 243 84 1000 1000
1000 242 83 1000 1000
1000 241 82 1000 1000
1000 240 81 1000 1000
1000 239 80 1000 1000
1000 238 79 1000 1000
1000 237 78 1000 1000
1000 236 77 1000 1000
1000 235 76 1000 1000
1000 234 75 1000 1000
1000 233 74 1000 1000
1000 232 73 1000 1000
1000 231 72 1000 1000
1000 230 71 1000 1000
1000 229 70 1000 1000
1000 228 69 1000 1000
1000 227 68 1000 1000
1000 226 67 1000 1000
1000 225 66 1000 1000
1000 224 65 1000 1000
1000 223 64 1000 1000
1000 222 63 1000 1000
1000 221 62 1000 1000
1000 220 61 1000 1000
1000 219 60 1000 1000
1000 218 59 1000 1000
1000 217 58 1000 1000
1000 216 57 1000 1000
1000 215 56 1000 1000
1000 214 55 1000 1000
1000 213 54 1000 1000
1000 212 53 1000 1000
1000 211 52 1000 1000
1000 210 51 1000 1000
1000 209 50 1000 1000
1000 208 49 1000 1000
1000 207 48 1000 1000
1000 206 47 1000 1000
1000 205 46 1000 1000
1000 204 45 1000 1000
1000 203 44 1000 1000
1000 202 43 1000 1000
1000 201 42 1000 1000
1000 200 41 1000 1000
1000 199 40 1000 1000
1000 198 39 1000 1000
1000 197 38 1000 1000
1000 196 37 1000 1000
1000 195 36 1000 1000
1000 194 35 1000 1000
1000 193 34 1000 1000
1000 192 33 1000 1000
1000 191 32 1000 1000
1000 190 31 1000 1000
1000 189 30 1000 1000
1000 188 29 1000 1000
1000 187 28 1000 1000
1000 186 27 1000 1000
1000 185 26 1000 1000
1000 184 25 1000 1000
1000 183 24 1000 1000
1000 182 23 1000 1000
1000 181 22 1000 1000
1000 180 21 1000 1000
1000 179 20 1000 1000
1000 178 19 1000 1000
1000 177 18 1000 1000
1000 176 17 1000 1000
1000 175 16 1000 1000
1000 174 15 1000 1000
1000 173 14 1000 1000
1000 172 13 1000 1000
1000 171 12 1000 1000
1000 170 11 1000 1000
1000 169 10 1000 1000
1000 168 9 1000 1000
1000 167 8 1000 1000
1000 166 7 1000 1000
1000 165 6 1000 1000
1000 164 5 1000 1000
1000 163 4 1000 1000
1000 162 3 1000 1000
1000 161 2 1000 1000
1000 160 1 1000 1000
1000 159 0 1000 1000
1000 158 258 1000 1000
1000 157 257 1000 1000
1000 156 256 1000 1000
1000 155 255 1000 1000
1000 154 254 1000 1000
1000 153 253 1000 1000
1000 152 252 1000 1000
1000 151 251 1000 1000
1000 150 250 1000 1000
1000 149 249 1000 1000
1000 148 248 1000 1000
1000 147 247 1000 1000
1000 146 246 1000 1000
1000 145 245 1000 1000
1000 144 244 1000 1000
1000 143 243 1000 1000
1000 142 242 1000 1000
1000 141 241 1000 1000
1000 140 240 1000 1000
1000 139 239 1000 1000
1000 138 238 1000 1000
1000 137 237 1000 1000
1000 136 236 1000 1000
1000 135 235 1000 1000
1000 134 234 1000 1000
1000 133 233 1000 1000
1000 132 232 1000 1000
1000 131 231 1000 1000
1000 130 230 1000 1000
1000 129 229 1000 1000
1000 128 228 1000 1000
1000 127 227 1000 1000
1000 126 226 1000 1000
1000 125 225 1000 1000
1000 124 224 1000 1000
1000 123 223 1000 1000
1000 122 222 1000 1000
1000 121 221 1000 1000
1000 120 220 1000 1000
1000 119 219 1000 1000
1000 118 218 1000 1000
1000 117 217 1000 1000
1000 116 216 1000 1000
1000 115 215 1000 1000
1000 114 214 1000 1000
1000 113 213 1000 1000
1000 112 212 1000 1000
1000 111 211 1000 1000
1000 110 210 1000 1000
1000 109 209 1000 1000
1000 108 208 1000 1000
1000 107 207 1000 1000
1000 106 206 1000 1000
1000 105 205 1000 1000
1000 104 204 1000 1000
1000 103 203 1000 1000
1000 102 202 1000 1000
1000 101 201 1000 1000
1000 100 200 1000 1000
1000 99 199 1000 1000
1000 98 198 1000 1000
1000 97 197 1000 1000
1000 96 196 1000 1000
1000 95 195 1000 1000
1000 94 194 1000 1000
1000 93 193 1000 1000
1000 92 192 1000 1000
1000 91 191 1000 1000
1000 90 190 1000 1000
1000 89 189 1000 1000
1000 88 188 1000 1000
1000 87 187 1000 1000
1000 86 186 1000 1000
1000 85 185 1000 1000
1000 84 184 1000 1000
1000 83 183 1000 1000
1000 82 182 1000 1000
1000 81 181 1000 1000
1000 80 180 1000 1000
1000 79 179 1000 1000
1000 78 178 1000 1000
1000 77 177 1000 1000
1000 76 176 1000 1000
1000 75 175 1000 1000
1000 74 174 1000 1000
1000 73 173 1000 1000
1000 72 172 1000 1000
1000 71 171 1000 1000
1000 70 170 1000 1000
1000 69 169 1000 1000
1000 68 168 1000 1000
1000 67 167 1000 1000
1000 66 166 1000 1000
1000 65 165 1000 1000
1000 64 164 1000 1000
1000 63 163 1000 1000
1000 62 162 1000 1000
1000 61 161 1000 1000
1000 60 160 1000 1000
1000 59 159 1000 1000
1000 58 158 1000 1000
1000 57 157 1000 1000
1000 56 156 1000 1000
1000 55 155 1000 1000
1000 54 154 1000 1000
1000 53 153 1000 1000
1000 52 152 1000 1000
1000 51 151 1000 1000
1000 50 150 1000 1000
1000 49 149 1000 1000
1000 48 148 1000 1000
1000 47 147 1000 1000
1000 46 146 1000 1000
1000 45 145 1000 1000
1000 44 144 1000 1000
1000 43 143 1000 1000
1000 42 142 1000 1000
1000 41 141 1000 1000
1000 40 140 1000 1000
1000 39 139 1000 1000
1000 38 138 1000 1000
1000 37 137 1000 1000
1000 36 136 1000 1000
1000 35 135 1000 1000
1000 34 134 1000 1000
1000 33 133 1000 1000
1000 32 132 1000 1000
1000 31 131 1000 1000
1000 30 130 1000 1000
1000 29 129 1000 1000
1000 28 128 1000 1000
1000 27 127 1000 1000
1000 26 126 1000 1000
1000 25 125 1000 1000
1000 24 124 1000 1000
1000 23 123 1000 1000
1000 22 122 1000 1000
1000 21 121 1000 1000
1000 20 120 1000 1000
1000 19 119 1000 1000
1000 18 118 1000 1000
1000 17 117 1000 1000
1000 16 116 1000 1000
1000 15 115 1000 1000
1000 14 114 1000 1000
1000 13 113 1000 1000
1000 12 112 1000 1000
1000 11 111 1000 1000
1000 10 110 1000 1000
1000 9 109 1000 1000
1000 8 108 1000 1000
1000 7 107 1000 1000
1000 6 106 1000 1000
1000 5 105 1000 1000
1000 4 104 1000 1000
1000 3 103 1000 1000
1000 2 102 1000 1000
1000 1 101 1000 1000
1000 0 100 1000 1000
1000 1000 99 1000 1000
1000 1000 98 1000 1000
1000 1000 97 1000 1000
1000 1000 96 1000 1000
1000 1000 95 1000 1000
1000 1000 94 1000 1000
1000 1000 93 1000 1000
1000 1000 92 1000 1000
1000 1000 91 1000 1000
1000 1000 90 1000 1000
1000 1000 89 1000 1000
1000 1000 88 1000 1000
1000 1000 87 1000 1000
1000 1000 86 1000 1000
1000 1000 85 1000 1000
1000 1000 84 1000 1000
1000 1000 83 1000 1000
1000 1000 82 1000 1000
1000 1000 81 1000 1000
1000 1000 80 1000 1000
1000 1000 79 1000 1000
1000 1000 78 1000 1000
1000 1000 77 1000 1000
1000 1000 76 1000 1000
1000 1000 75 1000 1000
1000 1000 74 1000 1000
1000 1000 73 1000 1000
1000 1000 72 1000 1000
1000 1000 71 1000 1000
1000 1000 70 1000 1000
1000 1000 69 1000 1000
1000 1000 68 1000 1000
1000 1000 67 1000 1000
1000 1000 66 1000 1000
1000 1000 65 1000 1000
1000 1000 64 1000 1000
1000 1000 63 1000 1000
1000 1000 62 1000 1000
1000 1000 61 1000 1000
1000 1000 60 1000 1000
1000 1000 59 1000 1000
1000 1000 58 1000 1000
1000 1000 57 1000 1000
1000 1000 56 1000 1000
1000 1000 55 1000 1000
1000 1000 54 1000 1000
1000 1000 53 1000 1000
1000 1000 52 1000 1000
1000 1000 51 1000 1000
1000 1000 50 1000 1000
1000 1000 49 1000 1000
1000 1000 48 1000 1000
1000 1000 47 1000 1000
1000 1000 46 1000 1000
1000 1000 45 1000 1000
1000 1000 44 1000 1000
1000 1000 43 1000 1000
1000 1000 42 1000 1000
1000 1000 41 1000 1000
1000 1000 40 1000 1000
1000 1000 39 1000 1000
1000 1000 38 1000 1000
1000 1000 37 1000 1000
1000 1000 36 1000 1000
1000 1000 35 1000 1000
1000 1000 34 1000 1000
1000 1000 33 1000 1000
1000 1000 32 1000 1000
1000 1000 31 1000 1000
1000 1000 30 1000 1000
1000 1000 29 1000 1000
1000 1000 28 1000 1000
1000 1000 27 1000 1000
1000 1000 26 1000 1000
1000 1000 25 1000 1000
1000 1000 24 1000 1000
1000 1000 23 1000 1000
1000 1000 22 1000 1000
1000 1000 21 1000 1000
1000 1000 20 1000 1000
1000 1000 19 1000 1000
1000 1000 18 1000 1000
1000 1000 17 1000 1000
1000 1000 16 1000 1000
1000 1000 15 1000 1000
1000 1000 14 1000 1000
1000 1000 13 1000 1000
1000 1000 12 1000 1000
1000 1000 11 1000 1000
1000 1000 10 1000 1000
1000 1000 9 1000 1000
1000 1000 8 1000 1000
1000 1000 7 1000 1000
1000 1000 6 1000 1000
1000 1000 5 1000 1000
1000 1000 4 1000 1000
1000 1000 3 1000 1000
1000 1000 2 1000 1000
1000 1000 1 1000 1000
1000 1000 0 1000 1000
1000 1000 1000 1000 1000
1000 1000 1000 1000 1000
1000 1000 1000 1000 1000
1000 1000 1000 1000 1000
1000 1000 1000 1000 1000
1000 1000 1000 1000 1000
1000 1000 1000 1000 1000
1000 1000 1000 1000 1000
1000 1000 1000 1000 1000
1000 1000 1000 1000 1000
1000 1000 1000 1000 1000
1000 1000 1000 1000 1000
1000 1000 1000 1000 1000
1000 1000 1000 1000 1000
1000 1000 1000 1000 1000
1000 1000 1000 1000 1000
1000 1000 1000 1000 1000
1000 1000 1000 1000 1000
1000 1000 1000 1000 1000
1000 1000 1000 1000 1000
1000 1000 1000 1000 1000
1000 1000 1000 1000 1000
1000 1000 1000 1000 1000
1000 1000 1000 1000 1000
1000 1000 1000 1000 1000
1000 1000 1000 1000 1000
1000 1000 1000 1000 1000
1000 1000 1000 1000 1000
1000 1000 1000 1000 1000
1000 1000 1000 1000 1000
1000 1000 1000 1000 1000
1000 1000 1000 1000 1000
1000 1000 1000 1000 1000
1000 1000 1000 1000 1000
1000 1000 1000 1000 1000
1000 1000 1000 1000 1000
1000 1000 1000 1000 1000
1000 1000 1000 1000 1000
1000 1000 1000 1000 1000
1000 1000 1000 1000 1000
1000 1000 1000 1000 1000
1000 1000 1000 1000 1000
1000 1000 1000 1000 1000
1000 1000 1000 1000 1000
1000 1000 1000 1000 1000
1000 1000 1000 1000 1000
1000 1000 1000 1000 1000
1000 1000 1000 1000 1000
1000 1000 1000 1000 1000
1000 1000 1000 1000 1000
1000 1000 1000 1000 1000
1000 1000 1000 1000 1000
1000 1000 1000 1000 1000
1000 1000 1000 1000 1000
1000 1000 1000 1000 1000
1000 1000 1000 1000 1000
1000 1000 1000 1000 1000
1000 1000 1000 1000 1000
1000 1000 1000 1000 1000
1000 1000 1000 1000 1000
1000 1000 1000 1000 1000
1000 1000 1000 1000 1000
1000 1000 1000 1000 1000
1000 1000 1000 1000 1000
1000 1000 1000 1000 1000
1000 1000 1000 1000 1000
1000 1000 1000 1000 1000
1000 1000 1000 1000 1000
1000 1000 1000 1000 1000
1000 1000 1000 1000 1000
1000 1000 1000 1000 1000
1000 1000 1000 1000 1000
1000 1000 1000 1000 1000
1000 1000 1000 1000 1000
1000 1000 1000 1000 1000
1000 1000 1000 1000 1000
1000 1000 1000 1000 1000
1000 1000 1000 1000 1000
1000 1000 1000 1000 1000
1000 1000 1000 1000 1000
1000 1000 1000 1000 1000
1000 1000 1000 1000 1000
1000 1000 1000 1000 1000
1000 1000 1000 1000 1000
1000 1000 1000 1000 1000
1000 1000 1000 1000 1000
1000 1000 1000 1000 1000
1000 1000 1000 1000 1000
1000 1000 1000 1000 1000
1000 1000 1000 1000 1000
1000 1000 1000 1000 1000
1000 1000 1000 1000 1000
1000 1000 1000 1000 1000
1000 1000 1000 1000 1000
1000 1000 1000 1000 1000
1000 1000 1000 1000 1000
1000 1000 1000 1000 1000
1000 1000 1000 1000 1000
1000 1000 1000 1000 1000
1000 1000 1000 1000 1000
1000 1000 1000 1000 1000
1000 1000 1000 1000 1000
1000 1000 1000 1000 1000
1000 1000 1000 1000 1000
1000 1000 1000 1000 1000
1000 1000 1000 1000 1000
1000 1000 1000 1000 1000
1000 1000 1000 1000 1000
1000 1000 1000 1000 1000
1000 1000 1000 1000 1000
1000 1000 1000 1000 1000
1000 1000 1000 1000 1000
1000 1000 1000 1000 1000
1000 1000 1000 1000 1000
1000 1000 1000 1000 1000
1000 1000 1000 1000 1000
1000 1000 1000 1000 1000
1000 1000 1000 1000 1000
1000 1000 1000 1000 1000
1000 1000 1000 1000 1000
1000 1000 1000 1000 1000
1000 1000 1000 1000 1000
1000 1000 1000 1000 1000
1000 1000 1000 1000 1000
1000 1000 1000 1000 1000
1000 1000 1000 1000 1000
1000 1000 1000 1000 1000
1000 1000 1000 1000 1000
1000 1000 1000 1000 1000
1000 1000 1000 1000 1000
1000 1000 1000 1000 1000
1000 1000 1000 1000 1000
1000 1000 1000 1000 1000
1000 1000 1000 1000 1000
1000 1000 1000 1000 1000
1000 1000 1000 1000 1000
1000 1000 1000 1000 1000
1000 1000 1000 1000 1000
1000 1000 1000 1000 1000
1000 1000 1000 1000 1000
1000 1000 1000 1000 1000
1000 1000 1000 1000 1000
1000 1000 1000 1000 1000
1000 1000 1000 1000 1000
1000 1000 1000 1000 1000
1000 1000 1000 1000 1000
1000 1000 1000 1000 1000
1000 1000 1000 1000 1000
1000 1000 1000 1000 1000
1000 1000 1000 1000 1000
1000 1000 1000 1000 1000
1000 1000 1000 1000 1000
1000 1000 1000 1000 1000
1000 1000 1000 1000 1000
1000 1000 1000 1000 1000
1000 1000 1000 1000 1000
1000 1000 1000 1000 1000
1000 1000 1000 1000 1000
1000 1000 1000 1000 1000
1000 1000 1000 1000 1000
1000 1000 1000 1000 1000
1000 1000 1000 1000 1000
1000 1000 1000 1000 1000
1000 1000 1000 1000 1000
1000 1000 1000 1000 1000
1000 1000 1000 1000 1000
1000 1000 1000 1000 1000
1000 1000 1000 1000 1000
1000 1000 1000 1000 1000
1000 1000 1000 1000 1000
1000 1000 1000 1000 1000
1000 1000 1000 1000 1000
1000 1000 1000 1000 1000
1000 1000 1000 1000 1000
1000 1000 1000 1000 1000
1000 1000 1000 1000 1000
1000 1000 1000 1000 1000
1000 1000 1000 1000 1000
1000 1000 1000 1000 1000
1000 1000 1000 1000 1000
1000 1000 1000 1000 1000
1000 1000 1000 1000 1000
1000 1000 1000 1000 1000
1000 1000 1000 1000 1000
1000 1000 1000 1000 1000
1000 1000 1000 1000 1000
1000 1000 1000 1000 1000
1000 1000 1000 1000 1000
1000 1000 1000 1000 1000
1000 1000 1000 1000 1000
1000 1000 1000 1000 1000
1000 1000 1000 1000 1000
1000 1000 1000 1000 1000
1000 1000 1000 1000 1000
1000 1000 1000 1000 1000
1000 1000 1000 1000 1000
1000 1000 1000 1000 1000
1000 1000 1000 1000 1000
1000 1000 1000 1000 1000
1000 1000 1000 1000 1000
1000 1000 1000 1000 1000
1000 1000 1000 1000 1000
1000 1000 1000 1000 1000
1000 1000 1000 1000 1000
1000 1000 1000 1000 1000
1000 1000 1000 1000 1000
1000 1000 1000 1000 1000
1000 1000 1000 1000 1000
1000 1000 1000 1000 1000
1000 1000 1000 1000 1000
1000 1000 1000 1000 1000
1000 1000 1000 1000 1000
1000 1000 1000 1000 1000
1000 1000 1000 1000 1000
1000 1000 1000 1000 1000
1000 1000 1000 1000 1000
1000 1000 1000 1000 1000
1000 1000 1000 1000 1000
1000 1000 1000 1000 1000
1000 1000 1000 1000 1000
1000 1000 1000 1000 1000
1000 1000 1000 1000 1000
1000 1000 1000 1000 1000
1000 1000 1000 1000 1000
1000 1000 1000 1000 1000
1000 1000 1000 1000 1000
1000 1000 1000 1000 1000
1000 1000 1000 1000 1000
1000 1000 1000 1000 1000
1000 1000 1000 1000 1000
1000 1000 1000 1000 1000
1000 1000 1000 1000 1000
1000 1000 1000 1000 1000
1000 1000 1000 1000 1000
1000 1000 1000 1000 1000
1000 1000 1000 1000 1000
1000 1000 1000 1000 1000
1000 1000 1000 1000 1000
1000 1000 1000 1000 1000
1000 1000 1000 1000 1000
1000 1000 1000 1000 1000
1000 1000 1000 1000 1000
1000 1000 1000 1000 1000
1000 1000 1000 1000 1000
1000 1000 1000 1000 1000
1000 1000 1000 1000 1000
1000 1000 1000 1000 1000
1000 1000 1000 1000 1000
1000 1000 1000 1000 1000
1000 1000 1000 1000 1000
1000 1000 1000 1000 1000
1000 1000 1000 1000 1000
1000 1000 1000 1000 1000
1000 1000 1000 1000 1000
1000 1000 1000 1000 1000
1000 1000 1000 1000 1000
1000 1000 1000 1000 1000
1000 1000 1000 1000 1000
1000 1000 1000 1000 1000
1000 1000 1000 1000 1000
1000 1000 1000 1000 1000
1000 1000 1000 1000 1000
1000 1000 1000 1000 1000
1000 1000 1000 1000 1000
1000 1000 1000 1000 1000
1000 1000 1000 1000 1000
1000 1000 1000 1000 1000
1000 1000 1000 1000 1000
1000 1000 1000 1000 1000
1000 1000 1000 1000 1000
1000 1000 1000 1000 1000
1000 1000 1000 1000 1000
1000 1000 1000 1000 1000
1000 1000 1000 1000 1000
1000 1000 1000 1000 1000
1000 1000 1000 1000 1000
1000 1000 1000 1000 1000
1000 1000 1000 1000 1000
1000 1000 1000 1000 1000
1000 1000 1000 1000 1000
1000 1000 1000 1000 1000
1000 1000 1000 1000 1000
1000 1000 1000 1000 1000
1000 1000 1000 1000 1000
1000 1000 1000 1000 1000
1000 1000 1000 1000 1000
1000 1000 1000 1000 1000
1000 1000 1000 1000 1000
1000 1000 1000 1000 1000
1000 1000 1000 1000 1000
1000 1000 1000 1000 1000
1000 1000 1000 1000 1000
1000 1000 1000 1000 1000
1000 1000 1000 1000 1000
1000 1000 1000 1000 1000
1000 1000 1000 1000 1000
1000 1000 1000 1000 1000
1000 1000 1000 1000 1000
1000 1000 1000 1000 1000
1000 1000 1000 1000 1000
1000 1000 1000 1000 1000
1000 1000 1000 1000 1000
1000 1000 1000 1000 1000
1000 1000 1000 1000 1000
1000 1000 1000 1000 1000
1000 1000 1000 1000 1000
1000 1000 1000 1000 1000
1000 1000 1000 1000 1000
1000 1000 1000 1000 1000
1000 1000 1000 1000 1000
1000 1000 1000 1000 1000
1000 1000 1000 1000 1000
1000 1000 1000 1000 1000
1000 1000 1000 1000 1000
1000 1000 1000 1000 1000
1000 1000 1000 1000 1000
1000 1000 1000 1000 1000
1000 1000 1000 1000 1000
1000 1000 1000 1000 1000
1000 1000 1000 1000 1000
1000 1000 1000 1000 1000
1000 1000 1000 1000 1000
1000 1000 1000 1000 1000
1000 1000 1000 1000 1000
1000 1000 1000 1000 1000
1000 1000 1000 1000 1000
1000 1000 1000 1000 1000
1000 1000 1000 1000 1000
1000 1000 1000 1000 1000
1000 1000 1000 1000 1000
1000 1000 1000 1000 1000
1000 1000 1000 1000 1000
1000 1000 1000 1000 1000
1000 1000 1000 1000 1000
1000 1000 1000 1000 1000
1000 1000 1000 1000 1000
1000 1000 1000 1000 1000
1000 1000 1000 1000 1000
1000 1000 1000 1000 1000
1000 1000 1000 1000 1000
1000 1000 1000 1000 1000
1000 1000 1000 1000 1000
1000 1000 1000 1000 1000
1000 1000 1000 1000 1000
1000 1000 1000 1000 1000
1000 1000 1000 1000 1000
1000 1000 1000 1000 1000
1000 1000 1000 1000 1000
1000 1000 1000 1000 1000
1000 1000 1000 1000 1000
1000 1000 1000 1000 1000
1000 1000 1000 1000 1000
1000 1000 1000 1000 1000
1000 1000 1000 1000 1000
1000 1000 1000 1000 1000
1000 1000 1000 1000 1000
1000 1000 1000 1000 1000
1000 1000 1000 1000 1000
1000 1000 1000 1000 1000
1000 1000 1000 1000 1000
1000 1000 1000 1000 1000
1000 1000 1000 1000 1000
1000 1000 1000 1000 1000
1000 1000 1000 1000 1000
1000 1000 1000 1000 1000
1000 1000 1000 1000 1000
1000 1000 1000 1000 1000
1000 1000 1000 1000 1000
1000 1000 1000 1000 1000
1000 1000 1000 1000 1000
1000 1000 1000 1000 1000
1000 1000 1000 1000 1000
1000 1000 1000 1000 1000
1000 1000 1000 1000 1000
1000 1000 1000 1000 1000
1000 1000 1000 1000 1000
1000 1000 1000 1000 1000
1000 1000 1000 1000 1000
1000 1000 1000 1000 1000
1000 1000 1000 1000 1000
1000 1000 1000 1000 1000
1000 1000 1000 1000 1000
1000 1000 1000 1000 1000
1000 1000 1000 1000 1000
1000 1000 1000 1000 1000
1000 1000 1000 1000 1000
1000 1000 1000 1000 1000
1000 1000 1000 1000 1000
1000 1000 1000 1000 1000
1000 1000 1000 1000 1000
1000 1000 1000 1000 1000
1000 1000 1000 1000 1000
1000 1000 1000 1000 1000
1000 1000 1000 1000 1000
1000 1000 1000 1000 1000
1000 1000 1000 1000 1000
1000 1000 1000 1000 1000
1000 1000 1000 1000 1000
1000 1000 1000 1000 1000
1000 1000 1000 1000 1000
1000 1000 1000 1000 1000
1000 1000 1000 1000 1000
1000 1000 1000 1000 1000
1000 1000 1000 1000 1000
1000 1000 1000 1000 1000
1000 1000 1000 1000 1000
1000 1000 1000 1000 1000
1000 1000 1000 1000 1000
1000 1000 1000 1000 1000
1000 1000 1000 1000 1000
1000 1000 1000 1000 1000
1000 1000 1000 1000 1000
1000 1000 1000 1000 1000
1000 1000 1000 1000 1000
1000 1000 1000 1000 1000
1000 1000 1000 1000 1000
1000 1000 1000 1000 1000
1000 1000 1000 1000 1000
1000 1000 1000 1000 1000
1000 1000 1000 1000 1000
1000 1000 1000 1000 1000
1000 1000 1000 1000 1000
1000 1000 1000 1000 1000
1000 1000 1000 1000 1000
1000 1000 1000 1000 1000
1000 1000 1000 1000 1000
1000 1000 1000 1000 1000
1000 1000 1000 1000 1000
1000 1000 1000 1000 1000
1000 1000 1000 1000 1000
1000 1000 1000 1000 1000
1000 1000 1000 1000 1000
1000 1000 1000 1000 1000
1000 1000 1000 1000 1000
1000 1000 1000 1000 1000
1000 1000 1000 1000 1000
1000 1000 1000 1000 1000
1000 1000 1000 1000 1000
1000 1000 1000 1000 1000
1000 1000 1000 1000 1000
1000 1000 1000 1000 1000
1000 1000 1000 1000 1000
1000 1000 1000 1000 1000
1000 1000 1000 1000 1000
1000 1000 1000 1000 1000
1000 1000 1000 1000 1000
1000 1000 1000 1000 1000
1000 1000 1000 1000 1000
1000 1000 1000 1000 1000
1000 1000 1000 1000 1000
1000 1000 1000 1000 1000
1000 1000 1000 1000 1000
1000 1000 1000 1000 1000
1000 1000 1000 1000 1000
1000 1000 1000 1000 1000
1000 1000 1000 1000 1000
1000 1000 1000 1000 1000
1000 1000 1000 1000 1000
1000 1000 1000 1000 1000
1000 1000 1000 1000 1000
1000 1000 1000 1000 1000
1000 1000 1000 1000 1000
1000 1000 1000 1000 1000
1000 1000 1000 1000 1000
1000 1000 1000 1000 1000
1000 1000 1000 1000 1000
1000 1000 1000 1000 1000
1000 1000 1000 1000 1000
1000 1000 1000 1000 1000
1000 1000 1000 1000 1000
1000 1000 1000 1000 1000
1000 1000 1000 1000 1000
1000 1000 1000 1000 1000
1000 1000 1000 1000 1000
1000 1000 1000 1000 1000
1000 1000 1000 1000 1000
1000 1000 1000 1000 1000
1000 1000 1000 1000 1000
1000 1000 1000 1000 1000
1000 1000 1000 1000 1000
1000 1000 1000 1000 1000
1000 1000 1000 1000 1000
1000 1000 1000 1000 1000
1000 1000 1000 1000 1000
1000 1000 1000 1000 1000
1000 1000 1000 1000 1000
1000 1000 1000 1000 1000
1000 1000 1000 1000 1000
1000 1000 1000 1000 1000
1000 1000 1000 1000 1000
1000 1000 1000 1000 1000
1000 1000 1000 1000 1000
1000 1000 1000 1000 1000
1000 1000 1000 1000 1000
1000 1000 1000 1000 1000
1000 1000 1000 1000 1000
1000 1000 1000 1000 1000
1000 1000 1000 1000 1000
1000 1000 1000 1000 1000
1000 1000 1000 1000 1000
1000 1000 1000 1000 1000
1000 1000 1000 1000 1000
1000 1000 1000 1000 1000
1000 1000 1000 1000 1000
1000 1000 1000 1000 1000
1000 1000 1000 1000 1000
1000 1000 1000 1000 1000
1000 1000 1000 1000 1000
1000 1000 1000 1000 1000
1000 1000 1000 1000 1000
1000 1000 1000 1000 1000
1000 1000 1000 1000 1000
1000 1000 1000 1000 1000
1000 1000 1000 1000 1000
1000 1000 1000 1000 1000
1000 1000 1000 1000 1000
1000 1000 1000 1000 1000
1000 1000 1000 1000 1000
1000 1000 1000 1000 1000
1000 1000 1000 1000 1000
1000 1000 1000 1000 1000
1000 1000 1000 1000 1000
1000 1000 1000 1000 1000
1000 1000 1000 1000 1000
1000 1000 1000 1000 1000
1000 1000 1000 1000 1000
1000 1000 1000 1000 1000
1000 1000 1000 1000 1000
1000 1000 1000 1000 1000
1000 1000 1000 1000 1000
1000 1000 1000 1000 1000
1000 1000 1000 1000 1000
1000 1000 1000 1000 1000
1000 1000 1000 1000 1000
1000 1000 1000 1000 1000
1000 1000 1000 1000 1000
1000 1000 1000 1000 1000
1000 1000 1000 1000 1000
1000 1000 1000 1000 1000
1000 1000 1000 1000 1000
1000 1000 1000 1000 1000
1000 1000 1000 1000 1000
1000 1000 1000 1000 1000
1000 1000 1000 1000 1000
1000 1000 1000 1000 1000
1000 1000 1000 1000 1000
1000 1000 1000 1000 1000
1000 1000 1000 1000 1000
1000 1000 1000 1000 1000
1000 1000 1000 1000 1000
1000 1000 1000 1000 1000
1000 1000 1000 1000 1000
1000 1000 1000 1000 1000
1000 1000 1000 1000 1000
1000 1000 1000 1000 1000
1000 1000 1000 1000 1000
1000 1000 1000 1000 1000
1000 1000 1000 1000 1000
1000 1000 1000 1000 1000
1000 1000 1000 1000 1000
1000 1000 1000 1000 1000
1000 1000 1000 1000 1000
1000 1000 1000 1000 1000
1000 1000 1000 1000 1000
1000 1000 1000 1000 1000
1000 1000 1000 1000 1000
1000 1000 1000 1000 1000
1000 1000 1000 1000 1000
1000 1000 1000 1000 1000
1000 1000 1000 1000 1000
1000 1000 1000 1000 1000
1000 1000 1000 1000 1000
1000 1000 1000 1000 1000
1000 1000 1000 1000 1000
1000 1000 1000 1000 1000
1000 1000 1000 1000 1000
1000 1000 1000 1000 1000
1000 1000 1000 1000 1000
1000 1000 1000 1000 1000
1000 1000 1000 1000 1000
1000 1000 1000 1000 1000
1000 1000 1000 1000 1000
1000 1000 1000 1000 1000
1000 1000 1000 1000 1000
1000 1000 1000 1000 1000
1000 1000 1000 1000 1000
1000 1000 1000 1000 1000
1000 1000 1000 1000 1000
1000 1000 1000 1000 1000
1000 1000 1000 1000 1000
1000 1000 1000 1000 1000
1000 1000 1000 1000 1000
1000 1000 1000 1000 1000
1000 1000 1000 1000 1000
1000 1000 1000 1000 1000
1000 1000 1000 1000 1000
1000 1000 1000 1000 1000
1000 1000 1000 1000 1000
1000 1000 1000 1000 1000
1000 1000 1000 1000 1000
1000 1000 1000 1000 1000
1000 1000 1000 1000 1000
1000 1000 1000 1000 1000
1000 1000 1000 1000 1000
1000 1000 1000 1000 1000
1000 1000 1000 1000 1000
1000 1000 1000 1000 1000
1000 1000 1000 1000 1000
1000 1000 1000 1000 1000
1000 1000 1000 1000 1000
1000 1000 1000 1000 1000
1000 1000 1000 1000 1000
1000 1000 1000 1000 1000
1000 1000 1000 1000 1000
1000 1000 1000 1000 1000
1000 1000 1000 1000 1000
1000 1000 1000 1000 1000
1000 1000 1000 1000 1000
1000 1000 1000 1000 1000
1000 1000 1000 1000 1000
1000 1000 1000 1000 1000
1000 1000 1000 1000 1000
1000 1000 1000 1000 1000
1000 1000 1000 1000 1000
1000 1000 1000 1000 1000
1000 1000 1000 1000 1000
1000 1000 1000 1000 1000
1000 1000 1000 1000 1000
1000 1000 1000 1000 1000
1000 1000 1000 1000 1000
1000 1000 1000 1000 1000
1000 1000 1000 1000 1000
1000 1000 1000 1000 1000
1000 1000 1000 1000 1000
1000 1000 1000 1000 1000
1000 1000 1000 1000 1000
1000 1000 1000 1000 1000
1000 1000 1000 1000 1000
1000 1000 1000 1000 1000
1000 1000 1000 1000 1000
1000 1000 1000 1000 1000
1000 1000 1000 1000 1000
1000 1000 1000 1000 1000
1000 1000 1000 1000 1000
1000 1000 1000 1000 1000
1000 1000 1000 1000 1000
1000 1000 1000 1000 1000
1000 1000 1000 1000 1000
1000 1000 1000 1000 1000
1000 1000 1000 1000 1000
1000 1000 1000 1000 1000
1000 1000 1000 1000 1000
1000 1000 1000 1000 1000
1000 1000 1000 1000 1000
1000 1000 1000 1000 1000
1000 1000 1000 1000 1000
1000 1000 1000 1000 1000
1000 1000 1000 1000 1000
1000 1000 1000 1000 1000
1000 1000 1000 1000 1000
1000 1000 1000 1000 1000
1000 1000 1000 1000 1000
1000 1000 1000 1000 1000
1000 1000 1000 1000 1000
1000 1000 1000 1000 1000
1000 1000 1000 1000 1000
1000 1000 1000 1000 1000
1000 1000 1000 1000 1000
1000 1000 1000 1000 1000
1000 1000 1000 1000 1000
1000 1000 1000 1000 1000
1000 1000 1000 1000 1000
1000 1000 1000 1000 1000
1000 1000 1000 1000 1000
1000 1000 1000 1000 1000
1000 1000 1000 1000 1000
1000 1000 1000 1000 1000
1000 1000 1000 1000 1000
1000 1000 1000 1000 1000
1000 1000 1000 1000 1000
1000 1000 1000 1000 1000
1000 1000 1000 1000 1000
1000 1000 1000 1000 1000
1000 1000 1000 1000 1000
1000 1000 1000 1000 1000
1000 1000 1000 1000 1000
1000 1000 1000 1000 1000
1000 1000 1000 1000 1000
1000 1000 1000 1000 1000
1000 1000 1000 1000 1000
1000 1000 1000 1000 1000
1000 1000 1000 1000 1000
1000 1000 1000 1000 1000
1000 1000 1000 1000 1000
1000 1000 1000 1000 1000
1000 1000 1000 1000 1000
1000 1000 1000 1000 1000
1000 1000 1000 1000 1000
1000 1000 1000 1000 1000
1000 1000 1000 1000 1000
1000 1000 1000 1000 1000
1000 1000 1000 1000 1000
1000 1000 1000 1000 1000
1000 1000 1000 1000 1000
1000 1000 1000 1000 1000
1000 1000 1000 1000 1000
1000 1000 1000 1000 1000
1000 1000 1000 1000 1000
1000 1000 1000 1000 1000
1000 1000 1000 1000 1000
1000 1000 1000 1000 1000
1000 1000 1000 1000 1000
1000 1000 1000 1000 1000
1000 1000 1000 1000 1000
1000 1000 1000 1000 1000
1000 1000 1000 1000 1000
1000 1000 1000 1000 1000
1000 1000 1000 1000 1000
1000 1000 1000 1000 1000
1000 1000 1000 1000 1000
1000 1000 1000 1000 1000
1000 1000 1000 1000 1000
1000 1000 1000 1000 1000
1000 1000 1000 1000 1000
1000 1000 1000 1000 1000
1000 1000 1000 1000 1000
1000 1000 1000 1000 1000
1000 1000 1000 1000 1000
1000 1000 1000 1000 1000
1000 1000 1000 1000 1000
1000 1000 1000 1000 1000
1000 1000 1000 1000 1000
1000 1000 1000 1000 1000
1000 1000 1000 1000 1000
1000 1000 1000 1000 1000
1000 1000 1000 1000 1000
1000 1000 1000 1000 1000
1000 1000 1000 1000 1000
1000 1000 1000 1000 1000
1000 1000 1000 1000 1000
1000 1000 1000 1000 1000
1000 1000 1000 1000 1000
1000 1000 1000 1000 1000
1000 1000 1000 1000 1000
1000 1000 1000 1000 1000
1000 1000 1000 1000 1000
1000 1000 1000 1000 1000
1000 1000 1000 1000 1000
1000 1000 1000 1000 1000
1000 1000 1000 1000 1000
1000 1000 1000 1000 1000
1000 1000 1000 1000 1000
1000 1000 1000 1000 1000
1000 1000 1000 1000 1000
1000 1000 1000 1000 1000
1000 1000 1000 1000 1000
1000 1000 1000 1000 1000
1000 1000 1000 1000 1000
1000 1000 1000 1000 1000
1000 1000 1000 1000 1000
1000 1000 1000 1000 1000
1000 1000 1000 1000 1000
1000 1000 1000 1000 1000
1000 1000 1000 1000 1000
1000 1000 1000 1000 1000
1000 1000 1000 1000 1000
1000 1000 1000 1000 1000
1000 1000 1000 1000 1000
1000 1000 1000 1000 1000
1000 1000 1000 1000 1000
1000 1000 1000 1000 1000
1000 1000 1000 1000 1000
1000 1000 1000 1000 1000
1000 1000 1000 1000 1000
1000 1000 1000 1000 1000
1000 1000 1000 1000 1000
1000 1000 1000 1000 1000
1000 1000 1000 1000 1000
1000 1000 1000 1000 1000
1000 1000 1000 1000 1000
1000 1000 1000 1000 1000
1000 1000 1000 1000 1000
1000 1000 1000 1000 1000
1000 1000 1000 1000 1000
1000 1000 1000 1000 1000
1000 1000 1000 1000 1000
1000 1000 1000 1000 1000
1000 1000 1000 1000 1000
1000 1000 1000 1000 1000
1000 1000 1000 1000 1000
1000 1000 1000 1000 1000
1000 1000 1000 1000 1000
1000 1000 1000 1000 1000
1000 1000 1000 1000 1000
1000 1000 1000 1000 1000
1000 1000 1000 1000 1000
1000 1000 1000 1000 1000
1000 1000 1000 1000 1000
1000 1000 1000 1000 1000
1000 1000 1000 1000 1000
1000 1000 1000 1000 1000
1000 1000 1000 1000 1000
1000 1000 1000 1000 1000
1000 1000 1000 1000 1000
1000 1000 1000 1000 1000
1000 1000 1000 1000 1000
1000 1000 1000 1000 1000
1000 1000 1000 1000 1000
1000 1000 1000 1000 1000
1000 1000 1000 1000 1000
1000 1000 1000 1000 1000
1000 1000 1000 1000 1000
1000 1000 1000 1000 1000
1000 1000 1000 1000 1000
1000 1000 1000 1000 1000
1000 1000 1000 1000 1000
1000 1000 1000 1000 1000
1000 1000 1000 1000 1000
1000 1000 1000 1000 1000
1000 1000 1000 1000 1000
1000 1000 1000 1000 1000
1000 1000 1000 1000 1000
1000 1000 1000 1000 1000
1000 1000 1000 1000 1000
1000 1000 1000 1000 1000
1000 1000 1000 1000 1000
1000 1000 1000 1000 1000
1000 1000 1000 1000 1000
1000 1000 1000 1000 1000
1000 1000 1000 1000 1000
1000 1000 1000 1000 1000
1000 1000 1000 1000 1000
1000 1000 1000 1000 1000
1000 1000 1000 1000 1000
1000 1000 1000 1000 1000
1000 1000 1000 1000 1000
1000 1000 1000 1000 1000
1000 1000 1000 1000 1000
1000 1000 1000 1000 1000
1000 1000 1000 1000 1000
1000 1000 1000 1000 1000
1000 1000 1000 1000 1000
1000 1000 1000 1000 1000
1000 1000 1000 1000 1000
1000 1000 1000 1000 1000
1000 1000 1000 1000 1000
1000 1000 1000 1000 1000
1000 1000 1000 1000 1000
1000 1000 1000 1000 1000
1000 1000 1000 1000 1000
1000 1000 1000 1000 1000
1000 1000 1000 1000 1000
1000 1000 1000 1000 1000
1000 1000 1000 1000 1000
1000 1000 1000 1000 1000
1000 1000 1000 1000 1000
1000 1000 1000 1000 1000
1000 1000 1000 1000 1000
1000 1000 1000 1000 1000
1000 1000 1000 1000 1000
1000 1000 1000 1000 1000
1000 1000 1000 1000 1000
1000 1000 1000 1000 1000
1000 1000 1000 1000 1000
1000 1000 1000 1000 1000
1000 1000 1000 1000 1000
1000 1000 1000 1000 1000
1000 1000 1000 1000 1000
1000 1000 1000 1000 1000
1000 1000 1000 1000 1000
1000 1000 1000 1000 1000
1000 1000 1000 1000 1000
1000 1000 1000 1000 1000
1000 1000 1000 1000 1000
1000 1000 1000 1000 1000
1000 1000 1000 1000 1000
1000 1000 1000 1000 1000
1000 1000 1000 1000 1000
1000 1000 1000 1000 1000
1000 1000 1000 1000 1000
1000 1000 1000 1000 1000
1000 1000 1000 1000 1000
1000 1000 1000 1000 1000
1000 1000 1000 1000 1000
1000 1000 1000 1000 1000
1000 1000 1000 1000 1000
1000 1000 1000 1000 1000
1000 1000 1000 1000 1000
1000 1000 1000 1000 1000
1000 1000 1000 1000 1000
1000 1000 1000 1000 1000
1000 1000 1000 1000 1000
1000 1000 1000 1000 1000
1000 1000 1000 1000 1000
1000 1000 1000 1000 1000
1000 1000 1000 1000 1000
1000 1000 1000 1000 1000
1000 1000 1000 1000 1000
1000 1000 1000 1000 1000
1000 1000 1000 1000 1000
1000 1000 1000 1000 1000
1000 1000 1000 1000 1000
1000 1000 1000 1000 1000
1000 1000 1000 1000 1000
1000 1000 1000 1000 1000
1000 1000 1000 1000 1000
1000 1000 1000 1000 1000
1000 1000 1000 1000 1000
1000 1000 1000 1000 1000
1000 1000 1000 1000 1000
1000 1000 1000 1000 1000
1000 1000 1000 1000 1000
1000 1000 1000 1000 1000
1000 1000 1000 1000 1000
1000 1000 1000 1000 1000
1000 1000 1000 1000 1000
1000 1000 1000 1000 1000
1000 1000 1000 1000 1000
1000 1000 1000 1000 1000
1000 1000 1000 1000 1000
1000 1000 1000 1000 1000
1000 1000 1000 1000 1000
1000 1000 1000 1000 1000
1000 1000 1000 1000 1000
1000 1000 1000 1000 1000
1000 1000 1000 1000 1000
1000 1000 1000 1000 1000
1000 1000 1000 1000 1000
1000 1000 1000 1000 1000
1000 1000 1000 1000 1000
1000 1000 1000 1000 1000
1000 1000 1000 1000 1000
1000 1000 1000 1000 1000
1000 1000 1000 1000 1000
1000 1000 1000 1000 1000
1000 1000 1000 1000 1000
1000 1000 1000 1000 1000
1000 1000 1000 1000 1000
1000 1000 1000 1000 1000
1000 1000 1000 1000 1000
1000 1000 1000 1000 1000
1000 1000 1000 1000 1000
1000 1000 1000 1000 1000
1000 1000 1000 1000 1000
1000 1000 1000 1000 1000
1000 1000 1000 1000 1000
1000 1000 1000 1000 1000
1000 1000 1000 1000 1000
1000 1000 1000 1000 1000
1000 1000 1000 1000 1000
1000 1000 1000 1000 1000
1000 1000 1000 1000 1000
1000 1000 1000 1000 1000
1000 1000 1000 1000 1000
1000 1000 1000 1000 1000
1000 1000 1000 1000 1000
1000 1000 1000 1000 1000
1000 1000 1000 1000 1000
1000 1000 1000 1000 1000
1000 1000 1000 1000 1000
1000 1000 1000 1000 1000
1000 1000 1000 1000 1000
1000 1000 1000 1000 1000
1000 1000 1000 1000 1000
1000 1000 1000 1000 1000
1000 1000 1000 1000 1000
1000 1000 1000 1000 1000
1000 1000 1000 1000 1000
1000 1000 1000 1000 1000
1000 1000 1000 1000 1000
1000 1000 1000 1000 1000
1000 1000 1000 1000 1000
1000 1000 1000 1000 1000
1000 1000 1000 1000 1000
1000 1000 1000 1000 1000
1000 1000 1000 1000 1000
1000 1000 1000 1000 1000
1000 1000 1000 1000 1000
1000 1000 1000 1000 1000
1000 1000 1000 1000 1000
1000 1000 1000 1000 1000
1000 1000 1000 1000 1000
1000 1000 1000 1000 1000
1000 1000 1000 1000 1000
1000 1000 1000 1000 1000
1000 1000 1000 1000 1000
1000 1000 1000 1000 1000
1000 1000 1000 1000 1000
1000 1000 1000 1000 1000
1000 1000 1000 1000 1000
1000 1000 1000 1000 1000
1000 1000 1000 1000 1000
1000 1000 1000 1000 1000
1000 1000 1000 1000 1000
1000 1000 1000 1000 1000
1000 1000 1000 1000 1000
1000 1000 1000 1000 1000
1000 1000 1000 1000 1000
1000 1000 1000 1000 1000
1000 1000 1000 1000 1000
1000 1000 1000 1000 1000
1000 1000 1000 1000 1000
1000 1000 1000 1000 1000
1000 1000 1000 1000 1000
1000 1000 1000 1000 1000
1000 1000 1000 1000 1000
1000 1000 1000 1000 1000
1000 1000 1000 1000 1000
1000 1000 1000 1000 1000
1000 1000 1000 1000 1000
1000 1000 1000 1000 1000
1000 1000 1000 1000 1000
1000 1000 1000 1000 1000
1000 1000 1000 1000 1000
1000 1000 1000 1000 1000
1000 1000 1000 1000 1000
1000 1000 1000 1000 1000
1000 1000 1000 1000 1000
1000 1000 1000 1000 1000
1000 1000 1000 1000 1000
1000 1000 1000 1000 1000
1000 1000 1000 1000 1000
1000 1000 1000 1000 1000
1000 1000 1000 1000 1000
1000 1000 1000 1000 1000
1000 1000 1000 1000 1000
1000 1000 1000 1000 1000
1000 1000 1000 1000 1000
1000 1000 1000 1000 1000
1000 1000 1000 1000 1000
1000 1000 1000 1000 1000
1000 1000 1000 1000 1000
1000 1000 1000 1000 1000
1000 1000 1000 1000 1000
1000 1000 1000 1000 1000
1000 1000 1000 1000 1000
1000 1000 1000 1000 1000
1000 1000 1000 1000 1000
1000 1000 1000 1000 1000
1000 1000 1000 1000 1000
1000 1000 1000 1000 1000
1000 1000 1000 1000 1000
1000 1000 1000 1000 1000
1000 1000 1000 1000 1000
1000 1000 1000 1000 1000
1000 1000 1000 1000 1000
1000 1000 1000 1000 1000
1000 1000 1000 1000 1000
1000 1000 1000 1000 1000
1000 1000 1000 1000 1000
1000 1000 1000 1000 1000
1000 1000 1000 1000 1000
1000 1000 1000 1000 1000
1000 1000 1000 1000 1000
1000 1000 1000 1000 1000
1000 1000 1000 1000 1000
1000 1000 1000 1000 1000
1000 1000 1000 1000 1000
1000 1000 1000 1000 1000
1000 1000 1000 1000 1000
1000 1000 1000 1000 1000
1000 1000 1000 1000 1000
1000 1000 1000 1000 1000
1000 1000 1000 1000 1000
1000 1000 1000 1000 1000
1000 1000 1000 1000 1000
1000 1000 1000 1000 1000
1000 1000 1000 1000 1000
1000 1000 1000 1000 1000
1000 1000 1000 1000 1000
1000 1000 1000 1000 1000
1000 1000 1000 1000 1000
1000 1000 1000 1000 1000
1000 1000 1000 1000 1000
1000 1000 1000 1000 1000
1000 1000 1000 1000 1000
1000 1000 1000 1000 1000
1000 1000 1000 1000 1000
1000 1000 1000 1000 1000
1000 1000 1000 1000 1000
1000 1000 1000 1000 1000
1000 1000 1000 1000 1000
1000 1000 1000 1000 1000
1000 1000 1000 1000 1000
1000 1000 1000 1000 1000
1000 1000 1000 1000 1000
1000 1000 1000 1000 1000
1000 1000 1000 1000 1000
1000 1000 1000 1000 1000
1000 1000 1000 1000 1000
1000 1000 1000 1000 1000
1000 1000 1000 1000 1000
1000 1000 1000 1000 1000
1000 1000 1000 1000 1000
1000 1000 1000 1000 1000
1000 1000 1000 1000 1000
1000 1000 1000 1000 1000
1000 1000 1000 1000 1000
1000 1000 1000 1000 1000
1000 1000 1000 1000 1000
1000 1000 1000 1000 1000
1000 1000 1000 1000 1000
1000 1000 1000 1000 1000
1000 1000 1000 1000 1000
1000 1000 1000 1000 1000
1000 1000 1000 1000 1000
1000 1000 1000 1000 1000
1000 1000 1000 1000 1000
1000 1000 1000 1000 1000
1000 1000 1000 1000 1000
1000 1000 1000 1000 1000
1000 1000 1000 1000 1000
1000 1000 1000 1000 1000
1000 1000 1000 1000 1000
1000 1000 1000 1000 1000
1000 1000 1000 1000 1000
1000 1000 1000 1000 1000
1000 1000 1000 1000 1000
1000 1000 1000 1000 1000
1000 1000 1000 1000 1000
1000 1000 1000 1000 1000
1000 1000 1000 1000 1000
1000 1000 1000 1000 1000
1000 1000 1000 1000 1000
1000 1000 1000 1000 1000
1000 1000 1000 1000 1000
1000 1000 1000 1000 1000
1000 1000 1000 1000 1000
1000 1000 1000 1000 1000
1000 1000 1000 1000 1000
1000 1000 1000 1000 1000
1000 1000 1000 1000 1000
1000 1000 1000 1000 1000
1000 1000 1000 1000 1000
1000 1000 1000 1000 1000
1000 1000 1000 1000 1000
1000 1000 1000 1000 1000
1000 1000 1000 1000 1000
1000 1000 1000 1000 1000
1000 1000 1000 1000 1000
1000 1000 1000 1000 1000
1000 1000 1000 1000 1000
1000 1000 1000 1000 1000
1000 1000 1000 1000 1000
1000 1000 1000 1000 1000
1000 1000 1000 1000 1000
1000 1000 1000 1000 1000
1000 1000 1000 1000 1000
1000 1000 1000 1000 1000
1000 1000 1000 1000 1000
1000 1000 1000 1000 1000
1000 1000 1000 1000 1000
1000 1000 1000 1000 1000
1000 1000 1000 1000 1000
1000 1000 1000 1000 1000
1000 1000 1000 1000 1000
1000 1000 1000 1000 1000
1000 1000 1000 1000 1000
1000 1000 1000 1000 1000
1000 1000 1000 1000 1000
1000 1000 1000 1000 1000
1000 1000 1000 1000 1000
1000 1000 1000 1000 1000
1000 1000 1000 1000 1000
1000 1000 1000 1000 1000
1000 1000 1000 1000 1000
1000 1000 1000 1000 1000
1000 1000 1000 1000 1000
1000 1000 1000 1000 1000
1000 1000 1000 1000 1000
1000 1000 1000 1000 1000
1000 1000 1000 1000 1000
1000 1000 1000 1000 1000
1000 1000 1000 1000 1000
1000 1000 1000 1000 1000
1000 1000 1000 1000 1000
1000 1000 1000 1000 1000
1000 1000 1000 1000 1000
1000 1000 1000 1000 1000
1000 1000 1000 1000 1000
1000 1000 1000 1000 1000
1000 1000 1000 1000 1000
1000 1000 1000 1000 1000
1000 1000 1000 1000 1000
1000 1000 1000 1000 1000
1000 1000 1000 1000 1000
1000 1000 1000 1000 1000
1000 1000 1000 1000 1000
1000 1000 1000 1000 1000
1000 1000 1000 1000 1000
1000 1000 1000 1000 1000
1000 1000 1000 1000 1000
1000 1000 1000 1000 1000
1000 1000 1000 1000 1000
1000 1000 1000 1000 1000
1000 1000 1000 1000 1000
1000 1000 1000 1000 1000
1000 1000 1000 1000 1000
1000 1000 1000 1000 1000
1000 1000 1000 1000 1000
1000 1000 1000 1000 1000
1000 1000 1000 1000 1000
1000 1000 1000 1000 1000
1000 1000 1000 1000 1000
1000 1000 1000 1000 1000
1000 1000 1000 1000 1000
1000 1000 1000 1000 1000
1000 1000 1000 1000 1000
1000 1000 1000 1000 1000
1000 1000 1000 1000 1000
1000 1000 1000 1000 1000
1000 1000 1000 1000 1000
1000 1000 1000 1000 1000
1000 1000 1000 1000 1000
1000 1000 1000 1000 1000
1000 1000 1000 1000 1000
1000 1000 1000 1000 1000
1000 1000 1000 1000 1000
1000 1000 1000 1000 1000
1000 1000 1000 1000 1000
1000 1000 1000 1000 1000
1000 1000 1000 1000 1000
1000 1000 1000 1000 1000
1000 1000 1000 1000 1000
1000 1000 1000 1000 1000
1000 1000 1000 1000 1000
1000 1000 1000 1000 1000
1000 1000 1000 1000 1000
1000 1000 1000 1000 1000
1000 1000 1000 1000 1000
1000 1000 1000 1000 1000
1000 1000 1000 1000 1000
1000 1000 1000 1000 1000
1000 1000 1000 1000 1000
1000 1000 1000 1000 1000
1000 1000 1000 1000 1000
1000 1000 1000 1000 1000
1000 1000 1000 1000 1000
1000 1000 1000 1000 1000
1000 1000 1000 1000 1000
1000 1000 1000 1000 1000
1000 1000 1000 1000 1000
1000 1000 1000 1000 1000
1000 1000 1000 1000 1000
1000 1000 1000 1000 1000
1000 1000 1000 1000 1000
1000 1000 1000 1000 1000
1000 1000 1000 1000 1000
1000 1000 1000 1000 1000
1000 1000 1000 1000 1000
1000 1000 1000 1000 1000
1000 1000 1000 1000 1000
1000 1000 1000 1000 1000
1000 1000 1000 1000 1000
1000 1000 1000 1000 1000
1000 1000 1000 1000 1000
1000 1000 1000 1000 1000
1000 1000 1000 1000 1000
1000 1000 1000 1000 1000
1000 1000 1000 1000 1000
1000 1000 1000 1000 1000
1000 1000 1000 1000 1000
1000 1000 1000 1000 1000
1000 1000 1000 1000 1000
1000 1000 1000 1000 1000
1000 1000 1000 1000 1000
1000 1000 1000 1000 1000
1000 1000 1000 1000 1000
1000 1000 1000 1000 1000
1000 1000 1000 1000 1000
1000 1000 1000 1000 1000
1000 1000 1000 1000 1000
1000 1000 1000 1000 1000
1000 1000 1000 1000 1000
1000 1000 1000 1000 1000
1000 1000 1000 1000 1000
1000 1000 1000 1000 1000
1000 1000 1000 1000 1000
1000 1000 1000 1000 1000
1000 1000 1000 1000 1000
1000 1000 1000 1000 1000
1000 1000 1000 1000 1000
1000 1000 1000 1000 1000
1000 1000 1000 1000 1000
1000 1000 1000 1000 1000
1000 1000 1000 1000 1000
1000 1000 1000 1000 1000
1000 1000 1000 1000 1000
1000 1000 1000 1000 1000
1000 1000 1000 1000 1000
1000 1000 1000 1000 1000
1000 1000 1000 1000 1000
1000 1000 1000 1000 1000
1000 1000 1000 1000 1000
1000 1000 1000 1000 1000
1000 1000 1000 1000 1000
1000 1000 1000 1000 1000
1000 1000 1000 1000 1000
1000 1000 1000 1000 1000
1000 1000 1000 1000 1000
1000 1000 1000 1000 1000
1000 1000 1000 1000 1000
1000 1000 1000 1000 1000
1000 1000 1000 1000 1000
1000 1000 1000 1000 1000
1000 1000 1000 1000 1000
1000 1000 1000 1000 1000
1000 1000 1000 1000 1000
1000 1000 1000 1000 1000
1000 1000 1000 1000 1000
1000 1000 1000 1000 1000
1000 1000 1000 1000 1000
1000 1000 1000 1000 1000
1000 1000 1000 1000 1000
1000 1000 1000 1000 1000
1000 1000 1000 1000 1000
1000 1000 1000 1000 1000
1000 1000 1000 1000 1000
1000 1000 1000 1000 1000
1000 1000 1000 1000 1000
1000 1000 1000 1000 1000
1000 1000 1000 1000 1000
1000 1000 1000 1000 1000
1000 1000 1000 1000 1000
1000 1000 1000 1000 1000
1000 1000 1000 1000 1000
1000 1000 1000 1000 1000
1000 1000 1000 1000 1000
1000 1000 1000 1000 1000
1000 1000 1000 1000 1000
1000 1000 1000 1000 1000
1000 1000 1000 1000 1000
1000 1000 1000 1000 1000
1000 1000 1000 1000 1000
1000 1000 1000 1000 1000
1000 1000 1000 1000 1000
1000 1000 1000 1000 1000
1000 1000 1000 1000 1000
1000 1000 1000 1000 1000
1000 1000 1000 1000 1000
1000 1000 1000 1000 1000
1000 1000 1000 1000 1000
1000 1000 1000 1000 1000
1000 1000 1000 1000 1000
1000 1000 1000 1000 1000
1000 1000 1000 1000 1000
1000 1000 1000 1000 1000
1000 1000 1000 1000 1000
1000 1000 1000 1000 1000
1000 1000 1000 1000 1000
1000 1000 1000 1000 1000
1000 1000 1000 1000 1000
1000 1000 1000 1000 1000
1000 1000 1000 1000 1000
1000 1000 1000 1000 1000
1000 1000 1000 1000 1000
1000 1000 1000 1000 1000
1000 1000 1000 1000 1000
1000 1000 1000 1000 1000
1000 1000 1000 1000 1000
1000 1000 1000 1000 1000
1000 1000 1000 1000 1000
1000 1000 1000 1000 1000
1000 1000 1000 1000 1000
1000 1000 1000 1000 1000
1000 1000 1000 1000 1000
1000 1000 1000 1000 1000
1000 1000 1000 1000 1000
1000 1000 1000 1000 1000
1000 1000 1000 1000 1000
1000 1000 1000 1000 1000
1000 1000 1000 1000 1000
1000 1000 1000 1000 1000
1000 1000 1000 1000 1000
1000 1000 1000 1000 1000
1000 1000 1000 1000 1000
1000 1000 1000 1000 1000
1000 1000 1000 1000 1000
1000 1000 1000 1000 1000
1000 1000 1000 1000 1000
1000 1000 1000 1000 1000
1000 1000 1000 1000 1000
1000 1000 1000 1000 1000
1000 1000 1000 1000 1000
1000 1000 1000 1000 1000
1000 1000 1000 1000 1000
1000 1000 1000 1000 1000
1000 1000 1000 1000 1000
1000 1000 1000 1000 1000
1000 1000 1000 1000 1000
1000 1000 1000 1000 1000
1000 1000 1000 1000 1000
1000 1000 1000 1000 1000
1000 1000 1000 1000 1000
1000 1000 1000 1000 1000
1000 1000 1000 1000 1000
1000 1000 1000 1000 1000
1000 1000 1000 1000 1000
1000 1000 1000 1000 1000
1000 1000 1000 1000 1000
1000 1000 1000 1000 1000
1000 1000 1000 1000 1000
1000 1000 1000 1000 1000
1000 1000 1000 1000 1000
1000 1000 1000 1000 1000
1000 1000 1000 1000 1000
1000 1000 1000 1000 1000
1000 1000 1000 1000 1000
1000 1000 1000 1000 1000
1000 1000 1000 1000 1000
1000 1000 1000 1000 1000
1000 1000 1000 1000 1000
1000 1000 1000 1000 1000
1000 1000 1000 1000 1000
1000 1000 1000 1000 1000
1000 1000 1000 1000 1000
1000 1000 1000 1000 1000
1000 1000 1000 1000 1000
1000 1000 1000 1000 1000
1000 1000 1000 1000 1000
1000 1000 1000 1000 1000
1000 1000 1000 1000 1000
1000 1000 1000 1000 1000
1000 1000 1000 1000 1000
1000 1000 1000 1000 1000
1000 1000 1000 1000 1000
1000 1000 1000 1000 1000
1000 1000 1000 1000 1000
1000 1000 1000 1000 1000
1000 1000 1000 1000 1000
1000 1000 1000 1000 1000
1000 1000 1000 1000 1000
1000 1000 1000 1000 1000
1000 1000 1000 1000 1000
1000 1000 1000 1000 1000
1000 1000 1000 1000 1000
1000 1000 1000 1000 1000
1000 1000 1000 1000 1000
1000 1000 1000 1000 1000
1000 1000 1000 1000 1000
1000 1000 1000 1000 1000
1000 1000 1000 1000 1000
1000 1000 1000 1000 1000
1000 1000 1000 1000 1000
1000 1000 1000 1000 1000
1000 1000 1000 1000 1000
1000 1000 1000 1000 1000
1000 1000 1000 1000 1000
1000 1000 1000 1000 1000
1000 1000 1000 1000 1000
1000 1000 1000 1000 1000
1000 1000 1000 1000 1000
1000 1000 1000 1000 1000
1000 1000 1000 1000 1000
1000 1000 1000 1000 1000
1000 1000 1000 1000 1000
1000 1000 1000 1000 1000
1000 1000 1000 1000 1000
1000 1000 1000 1000 1000
1000 1000 1000 1000 1000
1000 1000 1000 1000 1000
1000 1000 1000 1000 1000
1000 1000 1000 1000 1000
1000 1000 1000 1000 1000
1000 1000 1000 1000 1000
1000 1000 1000 1000 1000
1000 1000 1000 1000 1000
1000 1000 1000 1000 1000
1000 1000 1000 1000 1000
1000 1000 1000 1000 1000
1000 1000 1000 1000 1000
1000 1000 1000 1000 1000
1000 1000 1000 1000 1000
1000 1000 1000 1000 1000
1000 1000 1000 1000 1000
1000 1000 1000 1000 1000
1000 1000 1000 1000 1000
1000 1000 1000 1000 1000
1000 1000 1000 1000 1000
1000 1000 1000 1000 1000
1000 1000 1000 1000 1000
1000 1000 1000 1000 1000
1000 1000 1000 1000 1000
1000 1000 1000 1000 1000
1000 1000 1000 1000 1000
1000 1000 1000 1000 1000
1000 1000 1000 1000 1000
1000 1000 1000 1000 1000
1000 1000 1000 1000 1000
1000 1000 1000 1000 1000
1000 1000 1000 1000 1000
1000 1000 1000 1000 1000
1000 1000 1000 1000 1000
1000 1000 1000 1000 1000
1000 1000 1000 1000 1000
1000 1000 1000 1000 1000
1000 1000 1000 1000 1000
1000 1000 1000 1000 1000
1000 1000 1000 1000 1000
1000 1000 1000 1000 1000
1000 1000 1000 1000 1000
1000 1000 1000 1000 1000
1000 1000 1000 1000 1000
1000 1000 1000 1000 1000
1000 1000 1000 1000 1000
1000 1000 1000 1000 1000
1000 1000 1000 1000 1000
1000 1000 1000 1000 1000
1000 1000 1000 1000 1000
1000 1000 1000 1000 1000
1000 1000 1000 1000 1000
1000 1000 1000 1000 1000
1000 1000 1000 1000 1000
1000 1000 1000 1000 1000
1000 1000 1000 1000 1000
1000 1000 1000 1000 1000
1000 1000 1000 1000 1000
1000 1000 1000 1000 1000
1000 1000 1000 1000 1000
1000 1000 1000 1000 1000
1000 1000 1000 1000 1000
1000 1000 1000 1000 1000
1000 1000 1000 1000 1000
1000 1000 1000 1000 1000
1000 1000 1000 1000 1000
1000 1000 1000 1000 1000
1000 1000 1000 1000 1000
1000 1000 1000 1000 1000
1000 1000 1000 1000 1000
1000 1000 1000 1000 1000
1000 1000 1000 1000 1000
1000 1000 1000 1000 1000
1000 1000 1000 1000 1000
1000 1000 1000 1000 1000
1000 1000 1000 1000 1000
1000 1000 1000 1000 1000
1000 1000 1000 1000 1000
1000 1000 1000 1000 1000
1000 1000 1000 1000 1000
1000 1000 1000 1000 1000
1000 1000 1000 1000 1000
1000 1000 1000 1000 1000
1000 1000 1000 1000 1000
1000 1000 1000 1000 1000
1000 1000 1000 1000 1000
1000 1000 1000 1000 1000
1000 1000 1000 1000 1000
1000 1000 1000 1000 1000
1000 1000 1000 1000 1000
1000 1000 1000 1000 1000
1000 1000 1000 1000 1000
1000 1000 1000 1000 1000
1000 1000 1000 1000 1000
1000 1000 1000 1000 1000
1000 1000 1000 1000 1000
1000 1000 1000 1000 1000
1000 1000 1000 1000 1000
1000 1000 1000 1000 1000
1000 1000 1000 1000 1000
1000 1000 1000 1000 1000
1000 1000 1000 1000 1000
1000 1000 1000 1000 1000
1000 1000 1000 1000 1000
1000 1000 1000 1000 1000
1000 1000 1000 1000 1000
1000 1000 1000 1000 1000
1000 1000 1000 1000 1000
1000 1000 1000 1000 1000
1000 1000 1000 1000 1000
1000 1000 1000 1000 1000
1000 1000 1000 1000 1000
1000 1000 1000 1000 1000
1000 1000 1000 1000 1000
1000 1000 1000 1000 1000
1000 1000 1000 1000 1000
1000 1000 1000 1000 1000
1000 1000 1000 1000 1000
1000 1000 1000 1000 1000
1000 1000 1000 1000 1000
1000 1000 1000 1000 1000
1000 1000 1000 1000 1000
1000 1000 1000 1000 1000
1000 1000 1000 1000 1000
1000 1000 1000 1000 1000
1000 1000 1000 1000 1000
1000 1000 1000 1000 1000
1000 1000 1000 1000 1000
1000 1000 1000 1000 1000
1000 1000 1000 1000 1000
1000 1000 1000 1000 1000
1000 1000 1000 1000 1000
1000 1000 1000 1000 1000
1000 1000 1000 1000 1000
1000 1000 1000 1000 1000
1000 1000 1000 1000 1000
1000 1000 1000 1000 1000
1000 1000 1000 1000 1000
1000 1000 1000 1000 1000
1000 1000 1000 1000 1000
1000 1000 1000 1000 1000
1000 1000 1000 1000 1000
1000 1000 1000 1000 1000
1000 1000 1000 1000 1000
1000 1000 1000 1000 1000
1000 1000 1000 1000 1000
1000 1000 1000 1000 1000
1000 1000 1000 1000 1000
1000 1000 1000 1000 1000
1000 1000 1000 1000 1000
1000 1000 1000 1000 1000
1000 1000 1000 1000 1000
1000 1000 1000 1000 1000
1000 1000 1000 1000 1000
1000 1000 1000 1000 1000
1000 1000 1000 1000 1000
1000 1000 1000 1000 1000
1000 1000 1000 1000 1000
1000 1000 1000 1000 1000
1000 1000 1000 1000 1000
1000 1000 1000 1000 1000
1000 1000 1000 1000 1000
1000 1000 1000 1000 1000
1000 1000 1000 1000 1000
1000 1000 1000 1000 1000
1000 1000 1000 1000 1000
1000 1000 1000 1000 1000
1000 1000 1000 1000 1000
1000 1000 1000 1000 1000
1000 1000 1000 1000 1000
1000 1000 1000 1000 1000
1000 1000 1000 1000 1000
1000 1000 1000 1000 1000
1000 1000 1000 1000 1000
1000 1000 1000 1000 1000
1000 1000 1000 1000 1000
1000 1000 1000 1000 1000
1000 1000 1000 1000 1000
1000 1000 1000 1000 1000
1000 1000 1000 1000 1000
1000 1000 1000 1000 1000
1000 1000 1000 1000 1000
1000 1000 1000 1000 1000
1000 1000 1000 1000 1000
1000 1000 1000 1000 1000
1000 1000 1000 1000 1000
1000 1000 1000 1000 1000
1000 1000 1000 1000 1000
1000 1000 1000 1000 1000
1000 1000 1000 1000 1000
1000 1000 1000 1000 1000
1000 1000 1000 1000 1000
1000 1000 1000 1000 1000
1000 1000 1000 1000 1000
1000 1000 1000 1000 1000
1000 1000 1000 1000 1000
1000 1000 1000 1000 1000
1000 1000 1000 1000 1000
1000 1000 1000 1000 1000
1000 1000 1000 1000 1000
1000 1000 1000 1000 1000
1000 1000 1000 1000 1000
1000 1000 1000 1000 1000
1000 1000 1000 1000 1000
1000 1000 1000 1000 1000
1000 1000 1000 1000 1000
1000 1000 1000 1000 1000
1000 1000 1000 1000 1000
1000 1000 1000 1000 1000
1000 1000 1000 1000 1000
1000 1000 1000 1000 1000
1000 1000 1000 1000 1000
1000 1000 1000 1000 1000
1000 1000 1000 1000 1000
1000 1000 1000 1000 1000
1000 1000 1000 1000 1000
1000 1000 1000 1000 1000
1000 1000 1000 1000 1000
1000 1000 1000 1000 1000
1000 1000 1000 1000 1000
1000 1000 1000 1000 1000
1000 1000 1000 1000 1000
1000 1000 1000 1000 1000
1000 1000 1000 1000 1000
1000 1000 1000 1000 1000
1000 1000 1000 1000 1000
1000 1000 1000 1000 1000
1000 1000 1000 1000 1000
1000 1000 1000 1000 1000
1000 1000 1000 1000 1000
1000 1000 1000 1000 1000
1000 1000 1000 1000 1000
1000 1000 1000 1000 1000
1000 1000 1000 1000 1000
1000 1000 1000 1000 1000
1000 1000 1000 1000 1000
1000 1000 1000 1000 1000
1000 1000 1000 1000 1000
1000 1000 1000 1000 1000
1000 1000 1000 1000 1000
1000 1000 1000 1000 1000
1000 1000 1000 1000 1000
1000 1000 1000 1000 1000
1000 1000 1000 1000 1000
1000 1000 1000 1000 1000
1000 1000 1000 1000 1000
1000 1000 1000 1000 1000
1000 1000 1000 1000 1000
1000 1000 1000 1000 1000
1000 1000 1000 1000 1000
1000 1000 1000 1000 1000
1000 1000 1000 1000 1000
1000 1000 1000 1000 1000
1000 1000 1000 1000 1000
1000 1000 1000 1000 1000
1000 1000 1000 1000 1000
1000 1000 1000 1000 1000
1000 1000 1000 1000 1000
1000 1000 1000 1000 1000
1000 1000 1000 1000 1000
1000 1000 1000 1000 1000
1000 1000 1000 1000 1000
1000 1000 1000 1000 1000
1000 1000 1000 1000 1000
1000 1000 1000 1000 1000
1000 1000 1000 1000 1000
1000 1000 1000 1000 1000
1000 1000 1000 1000 1000
1000 1000 1000 1000 1000
1000 1000 1000 1000 1000
1000 1000 1000 1000 1000
1000 1000 1000 1000 1000
1000 1000 1000 1000 1000
1000 1000 1000 1000 1000
1000 1000 1000 1000 1000
1000 1000 1000 1000 1000
1000 1000 1000 1000 1000
1000 1000 1000 1000 1000
1000 1000 1000 1000 1000
1000 1000 1000 1000 1000
1000 1000 1000 1000 1000
1000 1000 1000 1000 1000
1000 1000 1000 1000 1000
1000 1000 1000 1000 1000
1000 1000 1000 1000 1000
1000 1000 1000 1000 1000
1000 1000 1000 1000 1000
1000 1000 1000 1000 1000
1000 1000 1000 1000 1000
1000 1000 1000 1000 1000
1000 1000 1000 1000 1000
1000 1000 1000 1000 1000
1000 1000 1000 1000 1000
1000 1000 1000 1000 1000
1000 1000 1000 1000 1000
1000 1000 1000 1000 1000
1000 1000 1000 1000 1000
1000 1000 1000 1000 1000
1000 1000 1000 1000 1000
1000 1000 1000 1000 1000
1000 1000 1000 1000 1000
1000 1000 1000 1000 1000
1000 1000 1000 1000 1000
1000 1000 1000 1000 1000
1000 1000 1000 1000 1000
1000 1000 1000 1000 1000
1000 1000 1000 1000 1000
1000 1000 1000 1000 1000
1000 1000 1000 1000 1000
1000 1000 1000 1000 1000
1000 1000 1000 1000 1000
1000 1000 1000 1000 1000
1000 1000 1000 1000 1000
1000 1000 1000 1000 1000
1000 1000 1000 1000 1000
1000 1000 1000 1000 1000
1000 1000 1000 1000 1000
1000 1000 1000 1000 1000
1000 1000 1000 1000 1000
1000 1000 1000 1000 1000
1000 1000 1000 1000 1000
1000 1000 1000 1000 1000
1000 1000 1000 1000 1000
1000 1000 1000 1000 1000
1000 1000 1000 1000 1000
1000 1000 1000 1000 1000
1000 1000 1000 1000 1000
1000 1000 1000 1000 1000
1000 1000 1000 1000 1000
1000 1000 1000 1000 1000
1000 1000 1000 1000 1000
1000 1000 1000 1000 1000
1000 1000 1000 1000 1000
1000 1000 1000 1000 1000
1000 1000 1000 1000 1000
1000 1000 1000 1000 1000
1000 1000 1000 1000 1000
1000 1000 1000 1000 1000
1000 1000 1000 1000 1000
1000 1000 1000 1000 1000
1000 1000 1000 1000 1000
1000 1000 1000 1000 1000
1000 1000 1000 1000 1000
1000 1000 1000 1000 1000
1000 1000 1000 1000 1000
1000 1000 1000 1000 1000
1000 1000 1000 1000 1000
1000 1000 1000 1000 1000
1000 1000 1000 1000 1000
1000 1000 1000 1000 1000
1000 1000 1000 1000 1000
1000 1000 1000 1000 1000
1000 1000 1000 1000 1000
1000 1000 1000 1000 1000
1000 1000 1000 1000 1000
1000 1000 1000 1000 1000
1000 1000 1000 1000 1000
1000 1000 1000 1000 1000
1000 1000 1000 1000 1000
1000 1000 1000 1000 1000
1000 1000 1000 1000 1000
1000 1000 1000 1000 1000
1000 1000 1000 1000 1000
1000 1000 1000 1000 1000
1000 1000 1000 1000 1000
1000 1000 1000 1000 1000
1000 1000 1000 1000 1000
1000 1000 1000 1000 1000
1000 1000 1000 1000 1000
1000 1000 1000 1000 1000
1000 1000 1000 1000 1000
1000 1000 1000 1000 1000
1000 1000 1000 1000 1000
1000 1000 1000 1000 1000
1000 1000 1000 1000 1000
1000 1000 1000 1000 1000
1000 1000 1000 1000 1000
1000 1000 1000 1000 1000
1000 1000 1000 1000 1000
1000 1000 1000 1000 1000
1000 1000 1000 1000 1000
1000 1000 1000 1000 1000
1000 1000 1000 1000 1000
1000 1000 1000 1000 1000
1000 1000 1000 1000 1000
1000 1000 1000 1000 1000
1000 1000 1000 1000 1000
1000 1000 1000 1000 1000
1000 1000 1000 1000 1000
1000 1000 1000 1000 1000
1000 1000 1000 1000 1000
1000 1000 1000 1000 1000
1000 1000 1000 1000 1000
1000 1000 1000 1000 1000
1000 1000 1000 1000 1000
1000 1000 1000 1000 1000
1000 1000 1000 1000 1000
1000 1000 1000 1000 1000
1000 1000 1000 1000 1000
1000 1000 1000 1000 1000
1000 1000 1000 1000 1000
1000 1000 1000 1000 1000
1000 1000 1000 1000 1000
1000 1000 1000 1000 1000
1000 1000 1000 1000 1000
1000 1000 1000 1000 1000
1000 1000 1000 1000 1000
1000 1000 1000 1000 1000
1000 1000 1000 1000 1000
1000 1000 1000 1000 1000
1000 1000 1000 1000 1000
1000 1000 1000 1000 1000
1000 1000 1000 1000 1000
1000 1000 1000 1000 1000
1000 1000 1000 1000 1000
1000 1000 1000 1000 1000
1000 1000 1000 1000 1000
1000 1000 1000 1000 1000
1000 1000 1000 1000 1000
1000 1000 1000 1000 1000
1000 1000 1000 1000 1000
1000 1000 1000 1000 1000
1000 1000 1000 1000 1000
1000 1000 1000 1000 1000
1000 1000 1000 1000 1000
1000 1000 1000 1000 1000
1000 1000 1000 1000 1000
1000 1000 1000 1000 1000
1000 1000 1000 1000 1000
1000 1000 1000 1000 1000
1000 1000 1000 1000 1000
1000 1000 1000 1000 1000
1000 1000 1000 1000 1000
1000 1000 1000 1000 1000
1000 1000 1000 1000 1000
1000 1000 1000 1000 1000
1000 1000 1000 1000 1000
1000 1000 1000 1000 1000
1000 1000 1000 1000 1000
1000 1000 1000 1000 1000
1000 1000 1000 1000 1000
1000 1000 1000 1000 1000
1000 1000 1000 1000 1000
1000 1000 1000 1000 1000
1000 1000 1000 1000 1000
1000 1000 1000 1000 1000
1000 1000 1000 1000 1000
1000 1000 1000 1000 1000
1000 1000 1000 1000 1000
1000 1000 1000 1000 1000
1000 1000 1000 1000 1000
1000 1000 1000 1000 1000
1000 1000 1000 1000 1000
1000 1000 1000 1000 1000
1000 1000 1000 1000 1000
1000 1000 1000 1000 1000
1000 1000 1000 1000 1000
1000 1000 1000 1000 1000
1000 1000 1000 1000 1000
1000 1000 1000 1000 1000
1000 1000 1000 1000 1000
1000 1000 1000 1000 1000
1000 1000 1000 1000 1000
1000 1000 1000 1000 1000
1000 1000 1000 1000 1000
1000 1000 1000 1000 1000
1000 1000 1000 1000 1000
1000 1000 1000 1000 1000
1000 1000 1000 1000 1000
1000 1000 1000 1000 1000
1000 1000 1000 1000 1000
1000 1000 1000 1000 1000
1000 1000 1000 1000 1000
1000 1000 1000 1000 1000
1000 1000 1000 1000 1000
1000 1000 1000 1000 1000
1000 1000 1000 1000 1000
1000 1000 1000 1000 1000
1000 1000 1000 1000 1000
1000 1000 1000 1000 1000
1000 1000 1000 1000 1000
1000 1000 1000 1000 1000
1000 1000 1000 1000 1000
1000 1000 1000 1000 1000
1000 1000 1000 1000 1000
1000 1000 1000 1000 1000
1000 1000 1000 1000 1000
1000 1000 1000 1000 1000
1000 1000 1000 1000 1000
1000 1000 1000 1000 1000
1000 1000 1000 1000 1000
1000 1000 1000 1000 1000
1000 1000 1000 1000 1000
1000 1000 1000 1000 1000
1000 1000 1000 1000 1000
1000 1000 1000 1000 1000
1000 1000 1000 1000 1000
1000 1000 1000 1000 1000
1000 1000 1000 1000 1000
1000 1000 1000 1000 1000
1000 1000 1000 1000 1000
1000 1000 1000 1000 1000
1000 1000 1000 1000 1000
1000 1000 1000 1000 1000
1000 1000 1000 1000 1000
1000 1000 1000 1000 1000
1000 1000 1000 1000 1000
1000 1000 1000 1000 1000
1000 1000 1000 1000 1000
1000 1000 1000 1000 1000
1000 1000 1000 1000 1000
1000 1000 1000 1000 1000
1000 1000 1000 1000 1000
1000 1000 1000 1000 1000
1000 1000 1000 1000 1000
1000 1000 1000 1000 1000
1000 1000 1000 1000 1000
1000 1000 1000 1000 1000
1000 1000 1000 1000 1000
1000 1000 1000 1000 1000
1000 1000 1000 1000 1000
1000 1000 1000 1000 1000
1000 1000 1000 1000 1000
1000 1000 1000 1000 1000
1000 1000 1000 1000 1000
1000 1000 1000 1000 1000
1000 1000 1000 1000 1000
1000 1000 1000 1000 1000
1000 1000 1000 1000 1000
1000 1000 1000 1000 1000
1000 1000 1000 1000 1000
1000 1000 1000 1000 1000
1000 1000 1000 1000 1000
1000 1000 1000 1000 1000
1000 1000 1000 1000 1000
1000 1000 1000 1000 1000
1000 1000 1000 1000 1000
1000 1000 1000 1000 1000
1000 1000 1000 1000 1000
1000 1000 1000 1000 1000
1000 1000 1000 1000 1000
