1000 549 698 1000 1000
1000 548 697 1000 1000
1000 547 696 1000 1000
1000 546 695 1000 1000
1000 545 694 1000 1000
1000 544 693 1000 1000
1000 543 692 1000 1000
1000 542 691 1000 1000
1000 541 690 1000 1000
1000 540 689 1000 1000
1000 539 688 1000 1000
1000 538 687 1000 1000
1000 537 686 1000 1000
1000 536 685 1000 1000
1000 535 684 1000 1000
1000 534 683 1000 1000
1000 533 682 1000 1000
1000 532 681 1000 1000
1000 531 680 1000 1000
1000 530 679 1000 1000
1000 529 678 1000 1000
1000 528 677 1000 1000
1000 527 676 1000 1000
1000 526 675 1000 1000
1000 525 674 1000 1000
1000 524 673 1000 1000
1000 523 672 1000 1000
1000 522 671 1000 1000
1000 521 670 1000 1000
1000 520 669 1000 1000
1000 519 668 1000 1000
1000 518 667 1000 1000
1000 517 666 1000 1000
1000 516 665 1000 1000
1000 515 664 1000 1000
1000 514 663 1000 1000
1000 513 662 1000 1000
1000 512 661 1000 1000
1000 511 660 1000 1000
1000 510 659 1000 1000
1000 509 658 1000 1000
1000 508 657 1000 1000
1000 507 656 1000 1000
1000 506 655 1000 1000
1000 505 654 1000 1000
1000 504 653 1000 1000
1000 503 652 1000 1000
1000 502 651 1000 1000
1000 501 650 1000 1000
1000 500 649 1000 1000
1000 499 648 1000 1000
1000 498 647 1000 1000
1000 497 646 1000 1000
1000 496 645 1000 1000
1000 495 644 1000 1000
1000 494 643 1000 1000
1000 493 642 1000 1000
1000 492 641 1000 1000
1000 491 640 1000 1000
1000 490 639 1000 1000
1000 489 638 1000 1000
1000 488 637 1000 1000
1000 487 636 1000 1000
1000 486 635 1000 1000
1000 485 634 1000 1000
1000 484 633 1000 1000
1000 483 632 1000 1000
1000 482 631 1000 1000
1000 481 630 1000 1000
1000 480 629 1000 1000
1000 479 628 1000 1000
1000 478 627 1000 1000
1000 477 626 1000 1000
1000 476 625 1000 1000
1000 475 624 1000 1000
1000 474 623 1000 1000
1000 473 622 1000 1000
1000 472 621 1000 1000
1000 471 620 1000 1000
1000 470 619 1000 1000
1000 469 618 1000 1000
1000 468 617 1000 1000
1000 467 616 1000 1000
1000 466 615 1000 1000
1000 465 614 1000 1000
1000 464 613 1000 1000
1000 463 612 1000 1000
1000 462 611 1000 1000
1000 461 610 1000 1000
1000 460 609 1000 1000
1000 459 608 1000 1000
1000 458 607 1000 1000
1000 457 606 1000 1000
1000 456 605 1000 1000
1000 455 604 1000 1000
1000 454 603 1000 1000
1000 453 602 1000 1000
1000 452 601 1000 1000
1000 451 600 1000 1000
1000 450 599 1000 1000
1000 449 598 1000 1000
1000 448 597 1000 1000
1000 447 596 1000 1000
1000 446 595 1000 1000
1000 445 594 1000 1000
1000 444 593 1000 1000
1000 443 592 1000 1000
1000 442 591 1000 1000
1000 441 590 1000 1000
1000 440 589 1000 1000
1000 439 588 1000 1000
1000 438 587 1000 1000
1000 437 586 1000 1000
1000 436 585 1000 1000
1000 435 584 1000 1000
1000 434 583 1000 1000
1000 433 582 1000 1000
1000 432 581 1000 1000
1000 431 580 1000 1000
1000 430 579 1000 1000
1000 429 578 1000 1000
1000 428 577 1000 1000
1000 427 576 1000 1000
1000 426 575 1000 1000
1000 425 574 1000 1000
1000 424 573 1000 1000
1000 423 572 1000 1000
1000 422 571 1000 1000
1000 421 570 1000 1000
1000 420 569 1000 1000
1000 419 568 1000 1000
1000 418 567 1000 1000
1000 417 566 1000 1000
1000 416 565 1000 1000
1000 415 564 1000 1000
1000 414 563 1000 1000
1000 413 562 1000 1000
1000 412 561 1000 1000
1000 411 560 1000 1000
1000 410 559 1000 1000
1000 409 558 1000 1000
1000 408 557 1000 1000
1000 407 556 1000 1000
1000 406 555 1000 1000
1000 405 554 1000 1000
1000 404 553 1000 1000
1000 403 552 1000 1000
1000 402 551 1000 1000
1000 401 550 1000 1000
1000 400 549 1000 1000
1000 399 548 1000 1000
1000 398 547 1000 1000
1000 397 546 1000 1000
1000 396 545 1000 1000
1000 395 544 1000 1000
1000 394 543 1000 1000
1000 393 542 1000 1000
1000 392 541 1000 1000
1000 391 540 1000 1000
1000 390 539 1000 1000
1000 389 538 1000 1000
1000 388 537 1000 1000
1000 387 536 1000 1000
1000 386 535 1000 1000
1000 385 534 1000 1000
1000 384 533 1000 1000
1000 383 532 1000 1000
1000 382 531 1000 1000
1000 381 530 1000 1000
1000 380 529 1000 1000
1000 379 528 1000 1000
1000 378 527 1000 1000
1000 377 526 1000 1000
1000 376 525 1000 1000
1000 375 524 1000 1000
1000 374 523 1000 1000
1000 373 522 1000 1000
1000 372 521 1000 1000
1000 371 520 1000 1000
1000 370 519 1000 1000
1000 369 518 1000 1000
1000 368 517 1000 1000
1000 367 516 1000 1000
1000 366 515 1000 1000
1000 365 514 1000 1000
1000 364 513 1000 1000
1000 363 512 1000 1000
1000 362 511 1000 1000
1000 361 510 1000 1000
1000 360 509 1000 1000
1000 359 508 1000 1000
1000 358 507 1000 1000
1000 357 506 1000 1000
1000 356 505 1000 1000
1000 355 504 1000 1000
1000 354 503 1000 1000
1000 353 502 1000 1000
1000 352 501 1000 1000
1000 351 500 1000 1000
1000 350 499 1000 1000
1000 349 498 1000 1000
1000 348 497 1000 1000
1000 347 496 1000 1000
1000 346 495 1000 1000
1000 345 494 1000 1000
1000 344 493 1000 1000
1000 343 492 1000 1000
1000 342 491 1000 1000
1000 341 490 1000 1000
1000 340 489 1000 1000
1000 339 488 1000 1000
1000 338 487 1000 1000
1000 337 486 1000 1000
1000 336 485 1000 1000
1000 335 484 1000 1000
1000 334 483 1000 1000
1000 333 482 1000 1000
1000 332 481 1000 1000
1000 331 480 1000 1000
1000 330 479 1000 1000
1000 329 478 1000 1000
1000 328 477 1000 1000
1000 327 476 1000 1000
1000 326 475 1000 1000
1000 325 474 1000 1000
1000 324 473 1000 1000
1000 323 472 1000 1000
1000 322 471 1000 1000
1000 321 470 1000 1000
1000 320 469 1000 1000
1000 319 468 1000 1000
1000 318 467 1000 1000
1000 317 466 1000 1000
1000 316 465 1000 1000
1000 315 464 1000 1000
1000 314 463 1000 1000
1000 313 462 1000 1000
1000 312 461 1000 1000
1000 311 460 1000 1000
1000 310 459 1000 1000
1000 309 458 1000 1000
1000 308 457 1000 1000
1000 307 456 1000 1000
1000 306 455 1000 1000
1000 305 454 1000 1000
1000 304 453 1000 1000
1000 303 452 1000 1000
1000 302 451 1000 1000
1000 301 450 1000 1000
1000 300 449 1000 1000
1000 299 448 1000 1000
1000 298 447 1000 1000
1000 297 446 1000 1000
1000 296 445 1000 1000
1000 295 444 1000 1000
1000 294 443 1000 1000
1000 293 442 1000 1000
1000 292 441 1000 1000
1000 291 440 1000 1000
1000 290 439 1000 1000
1000 289 438 1000 1000
1000 288 437 1000 1000
1000 287 436 1000 1000
1000 286 435 1000 1000
1000 285 434 1000 1000
1000 284 433 1000 1000
1000 283 432 1000 1000
1000 282 431 1000 1000
1000 281 430 1000 1000
1000 280 429 1000 1000
1000 279 428 1000 1000
1000 278 427 1000 1000
1000 277 426 1000 1000
1000 276 425 1000 1000
1000 275 424 1000 1000
1000 274 423 1000 1000
1000 273 422 1000 1000
1000 272 421 1000 1000
1000 271 420 1000 1000
1000 270 419 1000 1000
1000 269 418 1000 1000
1000 268 417 1000 1000
1000 267 416 1000 1000
1000 266 415 1000 1000
1000 265 414 1000 1000
1000 264 413 1000 1000
1000 263 412 1000 1000
1000 262 411 1000 1000
1000 261 410 1000 1000
1000 260 409 1000 1000
1000 259 408 1000 1000
1000 258 407 1000 1000
1000 257 406 1000 1000
1000 256 405 1000 1000
1000 255 404 1000 1000
1000 254 403 1000 1000
1000 253 402 1000 1000
1000 252 401 1000 1000
1000 251 400 1000 1000
1000 250 399 1000 1000
1000 249 398 1000 1000
1000 248 397 1000 1000
1000 247 396 1000 1000
1000 246 395 1000 1000
1000 245 394 1000 1000
1000 244 393 1000 1000
1000 243 392 1000 1000
1000 242 391 1000 1000
1000 241 390 1000 1000
1000 240 389 1000 1000
1000 239 388 1000 1000
1000 238 387 1000 1000
1000 237 386 1000 1000
1000 236 385 1000 1000
1000 235 384 1000 1000
1000 234 383 1000 1000
1000 233 382 1000 1000
1000 232 381 1000 1000
1000 231 380 1000 1000
1000 230 379 1000 1000
1000 229 378 1000 1000
1000 228 377 1000 1000
1000 227 376 1000 1000
1000 226 375 1000 1000
1000 225 374 1000 1000
1000 224 373 1000 1000
1000 223 372 1000 1000
1000 222 371 1000 1000
1000 221 370 1000 1000
1000 220 369 1000 1000
1000 219 368 1000 1000
1000 218 367 1000 1000
1000 217 366 1000 1000
1000 216 365 1000 1000
1000 215 364 1000 1000
1000 214 363 1000 1000
1000 213 362 1000 1000
1000 212 361 1000 1000
1000 211 360 1000 1000
1000 210 359 1000 1000
1000 209 358 1000 1000
1000 208 357 1000 1000
1000 207 356 1000 1000
1000 206 355 1000 1000
1000 205 354 1000 1000
1000 204 353 1000 1000
1000 203 352 1000 1000
1000 202 351 1000 1000
1000 201 350 1000 1000
1000 200 349 1000 1000
1000 199 348 1000 1000
1000 198 347 1000 1000
1000 197 346 1000 1000
1000 196 345 1000 1000
1000 195 344 1000 1000
1000 194 343 1000 1000
1000 193 342 1000 1000
1000 192 341 1000 1000
1000 191 340 1000 1000
1000 190 339 1000 1000
1000 189 338 1000 1000
1000 188 337 1000 1000
1000 187 336 1000 1000
1000 186 335 1000 1000
1000 185 334 1000 1000
1000 184 333 1000 1000
1000 183 332 1000 1000
1000 182 331 1000 1000
1000 181 330 1000 1000
1000 180 329 1000 1000
1000 179 328 1000 1000
1000 178 327 1000 1000
1000 177 326 1000 1000
1000 176 325 1000 1000
1000 175 324 1000 1000
1000 174 323 1000 1000
1000 173 322 1000 1000
1000 172 321 1000 1000
1000 171 320 1000 1000
1000 170 319 1000 1000
1000 169 318 1000 1000
1000 168 317 1000 1000
1000 167 316 1000 1000
1000 166 315 1000 1000
1000 165 314 1000 1000
1000 164 313 1000 1000
1000 163 312 1000 1000
1000 162 311 1000 1000
1000 161 310 1000 1000
1000 160 309 1000 1000
1000 159 308 1000 1000
1000 158 307 1000 1000
1000 157 306 1000 1000
1000 156 305 1000 1000
1000 155 304 1000 1000
1000 154 303 1000 1000
1000 153 302 1000 1000
1000 152 301 1000 1000
1000 151 300 1000 1000
1000 150 299 1000 1000
1000 149 298 1000 1000
1000 148 297 1000 1000
1000 147 296 1000 1000
1000 146 295 1000 1000
1000 145 294 1000 1000
1000 144 293 1000 1000
1000 143 292 1000 1000
1000 142 291 1000 1000
1000 141 290 1000 1000
1000 140 289 1000 1000
1000 139 288 1000 1000
1000 138 287 1000 1000
1000 137 286 1000 1000
1000 136 285 1000 1000
1000 135 284 1000 1000
1000 134 283 1000 1000
1000 133 282 1000 1000
1000 132 281 1000 1000
1000 131 280 1000 1000
1000 130 279 1000 1000
1000 129 278 1000 1000
1000 128 277 1000 1000
1000 127 276 1000 1000
1000 126 275 1000 1000
1000 125 274 1000 1000
1000 124 273 1000 1000
1000 123 272 1000 1000
1000 122 271 1000 1000
1000 121 270 1000 1000
1000 120 269 1000 1000
1000 119 268 1000 1000
1000 118 267 1000 1000
1000 117 266 1000 1000
1000 116 265 1000 1000
1000 115 264 1000 1000
1000 114 263 1000 1000
1000 113 262 1000 1000
1000 112 261 1000 1000
1000 111 260 1000 1000
1000 110 259 1000 1000
1000 109 258 1000 1000
1000 108 257 1000 1000
1000 107 256 1000 1000
1000 106 255 1000 1000
1000 105 254 1000 1000
1000 104 253 1000 1000
1000 103 252 1000 1000
1000 102 251 1000 1000
1000 101 250 1000 1000
1000 100 249 1000 1000
1000 99 248 1000 1000
1000 98 247 1000 1000
1000 97 246 1000 1000
1000 96 245 1000 1000
1000 95 244 1000 1000
1000 94 243 1000 1000
1000 93 242 1000 1000
1000 92 241 1000 1000
1000 91 240 1000 1000
1000 90 239 1000 1000
1000 89 238 1000 1000
1000 88 237 1000 1000
1000 87 236 1000 1000
1000 86 235 1000 1000
1000 85 234 1000 1000
1000 84 233 1000 1000
1000 83 232 1000 1000
1000 82 231 1000 1000
1000 81 230 1000 1000
1000 80 229 1000 1000
1000 79 228 1000 1000
1000 78 227 1000 1000
1000 77 226 1000 1000
1000 76 225 1000 1000
1000 75 224 1000 1000
1000 74 223 1000 1000
1000 73 222 1000 1000
1000 72 221 1000 1000
1000 71 220 1000 1000
1000 70 219 1000 1000
1000 69 218 1000 1000
1000 68 217 1000 1000
1000 67 216 1000 1000
1000 66 215 1000 1000
1000 65 214 1000 1000
1000 64 213 1000 1000
1000 63 212 1000 1000
1000 62 211 1000 1000
1000 61 210 1000 1000
1000 60 209 1000 1000
1000 59 208 1000 1000
1000 58 207 1000 1000
1000 57 206 1000 1000
1000 56 205 1000 1000
1000 55 204 1000 1000
1000 54 203 1000 1000
1000 53 202 1000 1000
1000 52 201 1000 1000
1000 51 200 1000 1000
1000 50 199 1000 1000
1000 49 198 1000 1000
1000 48 197 1000 1000
1000 47 196 1000 1000
1000 46 195 1000 1000
1000 45 194 1000 1000
1000 44 193 1000 1000
1000 43 192 1000 1000
1000 42 191 1000 1000
1000 41 190 1000 1000
1000 40 189 1000 1000
1000 39 188 1000 1000
1000 38 187 1000 1000
1000 37 186 1000 1000
1000 36 185 1000 1000
1000 35 184 1000 1000
1000 34 183 1000 1000
1000 33 182 1000 1000
1000 32 181 1000 1000
1000 31 180 1000 1000
1000 30 179 1000 1000
1000 29 178 1000 1000
1000 28 177 1000 1000
1000 27 176 1000 1000
1000 26 175 1000 1000
1000 25 174 1000 1000
1000 24 173 1000 1000
1000 23 172 1000 1000
1000 22 171 1000 1000
1000 21 170 1000 1000
1000 20 169 1000 1000
1000 19 168 1000 1000
1000 18 167 1000 1000
1000 17 166 1000 1000
1000 16 165 1000 1000
1000 15 164 1000 1000
1000 14 163 1000 1000
1000 13 162 1000 1000
1000 12 161 1000 1000
1000 11 160 1000 1000
1000 10 159 1000 1000
1000 9 158 1000 1000
1000 8 157 1000 1000
1000 7 156 1000 1000
1000 6 155 1000 1000
1000 5 154 1000 1000
1000 4 153 1000 1000
1000 3 152 1000 1000
1000 2 151 1000 1000
1000 1 150 1000 1000
1000 0 149 1000 1000
1000 219 148 1000 1000
1000 218 147 1000 1000
1000 217 146 1000 1000
1000 216 145 1000 1000
1000 215 144 1000 1000
1000 214 143 1000 1000
1000 213 142 1000 1000
1000 212 141 1000 1000
1000 211 140 1000 1000
1000 210 139 1000 1000
1000 209 138 1000 1000
1000 208 137 1000 1000
1000 207 136 1000 1000
1000 206 135 1000 1000
1000 205 134 1000 1000
1000 204 133 1000 1000
1000 203 132 1000 1000
1000 202 131 1000 1000
1000 201 130 1000 1000
1000 200 129 1000 1000
1000 199 128 1000 1000
1000 198 127 1000 1000
1000 197 126 1000 1000
1000 196 125 1000 1000
1000 195 124 1000 1000
1000 194 123 1000 1000
1000 193 122 1000 1000
1000 192 121 1000 1000
1000 191 120 1000 1000
1000 190 119 1000 1000
1000 189 118 1000 1000
1000 188 117 1000 1000
1000 187 116 1000 1000
1000 186 115 1000 1000
1000 185 114 1000 1000
1000 184 113 1000 1000
1000 183 112 1000 1000
1000 182 111 1000 1000
1000 181 110 1000 1000
1000 180 109 1000 1000
1000 179 108 1000 1000
1000 178 107 1000 1000
1000 177 106 1000 1000
1000 176 105 1000 1000
1000 175 104 1000 1000
1000 174 103 1000 1000
1000 173 102 1000 1000
1000 172 101 1000 1000
1000 171 100 1000 1000
1000 170 99 1000 1000
1000 169 98 1000 1000
1000 168 97 1000 1000
1000 167 96 1000 1000
1000 166 95 1000 1000
1000 165 94 1000 1000
1000 164 93 1000 1000
1000 163 92 1000 1000
1000 162 91 1000 1000
1000 161 90 1000 1000
1000 160 89 1000 1000
1000 159 88 1000 1000
1000 158 87 1000 1000
1000 157 86 1000 1000
1000 156 85 1000 1000
1000 155 84 1000 1000
1000 154 83 1000 1000
1000 153 82 1000 1000
1000 152 81 1000 1000
1000 151 80 1000 1000
1000 150 79 1000 1000
1000 149 78 1000 1000
1000 148 77 1000 1000
1000 147 76 1000 1000
1000 146 75 1000 1000
1000 145 74 1000 1000
1000 144 73 1000 1000
1000 143 72 1000 1000
1000 142 71 1000 1000
1000 141 70 1000 1000
1000 140 69 1000 1000
1000 139 68 1000 1000
1000 138 67 1000 1000
1000 137 66 1000 1000
1000 136 65 1000 1000
1000 135 64 1000 1000
1000 134 63 1000 1000
1000 133 62 1000 1000
1000 132 61 1000 1000
1000 131 60 1000 1000
1000 130 59 1000 1000
1000 129 58 1000 1000
1000 128 57 1000 1000
1000 127 56 1000 1000
1000 126 55 1000 1000
1000 125 54 1000 1000
1000 124 53 1000 1000
1000 123 52 1000 1000
1000 122 51 1000 1000
1000 121 50 1000 1000
1000 120 49 1000 1000
1000 119 48 1000 1000
1000 118 47 1000 1000
1000 117 46 1000 1000
1000 116 45 1000 1000
1000 115 44 1000 1000
1000 114 43 1000 1000
1000 113 42 1000 1000
1000 112 41 1000 1000
1000 111 40 1000 1000
1000 110 39 1000 1000
1000 109 38 1000 1000
1000 108 37 1000 1000
1000 107 36 1000 1000
1000 106 35 1000 1000
1000 105 34 1000 1000
1000 104 33 1000 1000
1000 103 32 1000 1000
1000 102 31 1000 1000
1000 101 30 1000 1000
1000 100 29 1000 1000
1000 99 28 1000 1000
1000 98 27 1000 1000
1000 97 26 1000 1000
1000 96 25 1000 1000
1000 95 24 1000 1000
1000 94 23 1000 1000
1000 93 22 1000 1000
1000 92 21 1000 1000
1000 91 20 1000 1000
1000 90 19 1000 1000
1000 89 18 1000 1000
1000 88 17 1000 1000
1000 87 16 1000 1000
1000 86 15 1000 1000
1000 85 14 1000 1000
1000 84 13 1000 1000
1000 83 12 1000 1000
1000 82 11 1000 1000
1000 81 10 1000 1000
1000 80 9 1000 1000
1000 79 8 1000 1000
1000 78 7 1000 1000
1000 77 6 1000 1000
1000 76 5 1000 1000
1000 75 4 1000 1000
1000 74 3 1000 1000
1000 73 2 1000 1000
1000 72 1 1000 1000
1000 71 0 1000 1000
1000 70 1441 1000 1000
1000 69 1440 1000 1000
1000 68 1439 1000 1000
1000 67 1438 1000 1000
1000 66 1437 1000 1000
1000 65 1436 1000 1000
1000 64 1435 1000 1000
1000 63 1434 1000 1000
1000 62 1433 1000 1000
1000 61 1432 1000 1000
1000 60 1431 1000 1000
1000 59 1430 1000 1000
1000 58 1429 1000 1000
1000 57 1428 1000 1000
1000 56 1427 1000 1000
1000 55 1426 1000 1000
1000 54 1425 1000 1000
1000 53 1424 1000 1000
1000 52 1423 1000 1000
1000 51 1422 1000 1000
1000 50 1421 1000 1000
1000 49 1420 1000 1000
1000 48 1419 1000 1000
1000 47 1418 1000 1000
1000 46 1417 1000 1000
1000 45 1416 1000 1000
1000 44 1415 1000 1000
1000 43 1414 1000 1000
1000 42 1413 1000 1000
1000 41 1412 1000 1000
1000 40 1411 1000 1000
1000 39 1410 1000 1000
1000 38 1409 1000 1000
1000 37 1408 1000 1000
1000 36 1407 1000 1000
1000 35 1406 1000 1000
1000 34 1405 1000 1000
1000 33 1404 1000 1000
1000 32 1403 1000 1000
1000 31 1402 1000 1000
1000 30 1401 1000 1000
1000 29 1400 1000 1000
1000 28 1399 1000 1000
1000 27 1398 1000 1000
1000 26 1397 1000 1000
1000 25 1396 1000 1000
1000 24 1395 1000 1000
1000 23 1394 1000 1000
1000 22 1393 1000 1000
1000 21 1392 1000 1000
1000 20 1391 1000 1000
1000 19 1390 1000 1000
1000 18 1389 1000 1000
1000 17 1388 1000 1000
1000 16 1387 1000 1000
1000 15 1386 1000 1000
1000 14 1385 1000 1000
1000 13 1384 1000 1000
1000 12 1383 1000 1000
1000 11 1382 1000 1000
1000 10 1381 1000 1000
1000 9 1380 1000 1000
1000 8 1379 1000 1000
1000 7 1378 1000 1000
1000 6 1377 1000 1000
1000 5 1376 1000 1000
1000 4 1375 1000 1000
1000 3 1374 1000 1000
1000 2 1373 1000 1000
1000 1 1372 1000 1000
1000 0 1371 1000 1000
1000 1529 1370 1000 1000
1000 1528 1369 1000 1000
1000 1527 1368 1000 1000
1000 1526 1367 1000 1000
1000 1525 1366 1000 1000
1000 1524 1365 1000 1000
1000 1523 1364 1000 1000
1000 1522 1363 1000 1000
1000 1521 1362 1000 1000
1000 1520 1361 1000 1000
1000 1519 1360 1000 1000
1000 1518 1359 1000 1000
1000 1517 1358 1000 1000
1000 1516 1357 1000 1000
1000 1515 1356 1000 1000
1000 1514 1355 1000 1000
1000 1513 1354 1000 1000
1000 1512 1353 1000 1000
1000 1511 1352 1000 1000
1000 1510 1351 1000 1000
1000 1509 1350 1000 1000
1000 1508 1349 1000 1000
1000 1507 1348 1000 1000
1000 1506 1347 1000 1000
1000 1505 1346 1000 1000
1000 1504 1345 1000 1000
1000 1503 1344 1000 1000
1000 1502 1343 1000 1000
1000 1501 1342 1000 1000
1000 1500 1341 1000 1000
1000 1499 1340 1000 1000
1000 1498 1339 1000 1000
1000 1497 1338 1000 1000
1000 1496 1337 1000 1000
1000 1495 1336 1000 1000
1000 1494 1335 1000 1000
1000 1493 1334 1000 1000
1000 1492 1333 1000 1000
1000 1491 1332 1000 1000
1000 1490 1331 1000 1000
1000 1489 1330 1000 1000
1000 1488 1329 1000 1000
1000 1487 1328 1000 1000
1000 1486 1327 1000 1000
1000 1485 1326 1000 1000
1000 1484 1325 1000 1000
1000 1483 1324 1000 1000
1000 1482 1323 1000 1000
1000 1481 1322 1000 1000
1000 1480 1321 1000 1000
1000 1479 1320 1000 1000
1000 1478 1319 1000 1000
1000 1477 1318 1000 1000
1000 1476 1317 1000 1000
1000 1475 1316 1000 1000
1000 1474 1315 1000 1000
1000 1473 1314 1000 1000
1000 1472 1313 1000 1000
1000 1471 1312 1000 1000
1000 1470 1311 1000 1000
1000 1469 1310 1000 1000
1000 1468 1309 1000 1000
1000 1467 1308 1000 1000
1000 1466 1307 1000 1000
1000 1465 1306 1000 1000
1000 1464 1305 1000 1000
1000 1463 1304 1000 1000
1000 1462 1303 1000 1000
1000 1461 1302 1000 1000
1000 1460 1301 1000 1000
1000 1459 1300 1000 1000
1000 1458 1299 1000 1000
1000 1457 1298 1000 1000
1000 1456 1297 1000 1000
1000 1455 1296 1000 1000
1000 1454 1295 1000 1000
1000 1453 1294 1000 1000
1000 1452 1293 1000 1000
1000 1451 1292 1000 1000
1000 1450 1291 1000 1000
1000 1449 1290 1000 1000
1000 1448 1289 1000 1000
1000 1447 1288 1000 1000
1000 1446 1287 1000 1000
1000 1445 1286 1000 1000
1000 1444 1285 1000 1000
1000 1443 1284 1000 1000
1000 1442 1283 1000 1000
1000 1441 1282 1000 1000
1000 1440 1281 1000 1000
1000 1439 1280 1000 1000
1000 1438 1279 1000 1000
1000 1437 1278 1000 1000
1000 1436 1277 1000 1000
1000 1435 1276 1000 1000
1000 1434 1275 1000 1000
1000 1433 1274 1000 1000
1000 1432 1273 1000 1000
1000 1431 1272 1000 1000
1000 1430 1271 1000 1000
1000 1429 1270 1000 1000
1000 1428 1269 1000 1000
1000 1427 1268 1000 1000
1000 1426 1267 1000 1000
1000 1425 1266 1000 1000
1000 1424 1265 1000 1000
1000 1423 1264 1000 1000
1000 1422 1263 1000 1000
1000 1421 1262 1000 1000
1000 1420 1261 1000 1000
1000 1419 1260 1000 1000
1000 1418 1259 1000 1000
1000 1417 1258 1000 1000
1000 1416 1257 1000 1000
1000 1415 1256 1000 1000
1000 1414 1255 1000 1000
1000 1413 1254 1000 1000
1000 1412 1253 1000 1000
1000 1411 1252 1000 1000
1000 1410 1251 1000 1000
1000 1409 1250 1000 1000
1000 1408 1249 1000 1000
1000 1407 1248 1000 1000
1000 1406 1247 1000 1000
1000 1405 1246 1000 1000
1000 1404 1245 1000 1000
1000 1403 1244 1000 1000
1000 1402 1243 1000 1000
1000 1401 1242 1000 1000
1000 1400 1241 1000 1000
1000 1399 1240 1000 1000
1000 1398 1239 1000 1000
1000 1397 1238 1000 1000
1000 1396 1237 1000 1000
1000 1395 1236 1000 1000
1000 1394 1235 1000 1000
1000 1393 1234 1000 1000
1000 1392 1233 1000 1000
1000 1391 1232 1000 1000
1000 1390 1231 1000 1000
1000 1389 1230 1000 1000
1000 1388 1229 1000 1000
1000 1387 1228 1000 1000
1000 1386 1227 1000 1000
1000 1385 1226 1000 1000
1000 1384 1225 1000 1000
1000 1383 1224 1000 1000
1000 1382 1223 1000 1000
1000 1381 1222 1000 1000
1000 1380 1221 1000 1000
1000 1379 1220 1000 1000
1000 1378 1219 1000 1000
1000 1377 1218 1000 1000
1000 1376 1217 1000 1000
1000 1375 1216 1000 1000
1000 1374 1215 1000 1000
1000 1373 1214 1000 1000
1000 1372 1213 1000 1000
1000 1371 1212 1000 1000
1000 1370 1211 1000 1000
1000 1369 1210 1000 1000
1000 1368 1209 1000 1000
1000 1367 1208 1000 1000
1000 1366 1207 1000 1000
1000 1365 1206 1000 1000
1000 1364 1205 1000 1000
1000 1363 1204 1000 1000
1000 1362 1203 1000 1000
1000 1361 1202 1000 1000
1000 1360 1201 1000 1000
1000 1359 1200 1000 1000
1000 1358 1199 1000 1000
1000 1357 1198 1000 1000
1000 1356 1197 1000 1000
1000 1355 1196 1000 1000
1000 1354 1195 1000 1000
1000 1353 1194 1000 1000
1000 1352 1193 1000 1000
1000 1351 1192 1000 1000
1000 1350 1191 1000 1000
1000 1349 1190 1000 1000
1000 1348 1189 1000 1000
1000 1347 1188 1000 1000
1000 1346 1187 1000 1000
1000 1345 1186 1000 1000
1000 1344 1185 1000 1000
1000 1343 1184 1000 1000
1000 1342 1183 1000 1000
1000 1341 1182 1000 1000
1000 1340 1181 1000 1000
1000 1339 1180 1000 1000
1000 1338 1179 1000 1000
1000 1337 1178 1000 1000
1000 1336 1177 1000 1000
1000 1335 1176 1000 1000
1000 1334 1175 1000 1000
1000 1333 1174 1000 1000
1000 1332 1173 1000 1000
1000 1331 1172 1000 1000
1000 1330 1171 1000 1000
1000 1329 1170 1000 1000
1000 1328 1169 1000 1000
1000 1327 1168 1000 1000
1000 1326 1167 1000 1000
1000 1325 1166 1000 1000
1000 1324 1165 1000 1000
1000 1323 1164 1000 1000
1000 1322 1163 1000 1000
1000 1321 1162 1000 1000
1000 1320 1161 1000 1000
1000 1319 1160 1000 1000
1000 1318 1159 1000 1000
1000 1317 1158 1000 1000
1000 1316 1157 1000 1000
1000 1315 1156 1000 1000
1000 1314 1155 1000 1000
1000 1313 1154 1000 1000
1000 1312 1153 1000 1000
1000 1311 1152 1000 1000
1000 1310 1151 1000 1000
1000 1309 1150 1000 1000
1000 1308 1149 1000 1000
1000 1307 1148 1000 1000
1000 1306 1147 1000 1000
1000 1305 1146 1000 1000
1000 1304 1145 1000 1000
1000 1303 1144 1000 1000
1000 1302 1143 1000 1000
1000 1301 1142 1000 1000
1000 1300 1141 1000 1000
1000 1299 1140 1000 1000
1000 1298 1139 1000 1000
1000 1297 1138 1000 1000
1000 1296 1137 1000 1000
1000 1295 1136 1000 1000
1000 1294 1135 1000 1000
1000 1293 1134 1000 1000
1000 1292 1133 1000 1000
1000 1291 1132 1000 1000
1000 1290 1131 1000 1000
1000 1289 1130 1000 1000
1000 1288 1129 1000 1000
1000 1287 1128 1000 1000
1000 1286 1127 1000 1000
1000 1285 1126 1000 1000
1000 1284 1125 1000 1000
1000 1283 1124 1000 1000
1000 1282 1123 1000 1000
1000 1281 1122 1000 1000
1000 1280 1121 1000 1000
1000 1279 1120 1000 1000
1000 1278 1119 1000 1000
1000 1277 1118 1000 1000
1000 1276 1117 1000 1000
1000 1275 1116 1000 1000
1000 1274 1115 1000 1000
1000 1273 1114 1000 1000
1000 1272 1113 1000 1000
1000 1271 1112 1000 1000
1000 1270 1111 1000 1000
1000 1269 1110 1000 1000
1000 1268 1109 1000 1000
1000 1267 1108 1000 1000
1000 1266 1107 1000 1000
1000 1265 1106 1000 1000
1000 1264 1105 1000 1000
1000 1263 1104 1000 1000
1000 1262 1103 1000 1000
1000 1261 1102 1000 1000
1000 1260 1101 1000 1000
1000 1259 1100 1000 1000
1000 1258 1099 1000 1000
1000 1257 1098 1000 1000
1000 1256 1097 1000 1000
1000 1255 1096 1000 1000
1000 1254 1095 1000 1000
1000 1253 1094 1000 1000
1000 1252 1093 1000 1000
1000 1251 1092 1000 1000
1000 1250 1091 1000 1000
1000 1249 1090 1000 1000
1000 1248 1089 1000 1000
1000 1247 1088 1000 1000
1000 1246 1087 1000 1000
1000 1245 1086 1000 1000
1000 1244 1085 1000 1000
1000 1243 1084 1000 1000
1000 1242 1083 1000 1000
1000 1241 1082 1000 1000
1000 1240 1081 1000 1000
1000 1239 1080 1000 1000
1000 1238 1079 1000 1000
1000 1237 1078 1000 1000
1000 1236 1077 1000 1000
1000 1235 1076 1000 1000
1000 1234 1075 1000 1000
1000 1233 1074 1000 1000
1000 1232 1073 1000 1000
1000 1231 1072 1000 1000
1000 1230 1071 1000 1000
1000 1229 1070 1000 1000
1000 1228 1069 1000 1000
1000 1227 1068 1000 1000
1000 1226 1067 1000 1000
1000 1225 1066 1000 1000
1000 1224 1065 1000 1000
1000 1223 1064 1000 1000
1000 1222 1063 1000 1000
1000 1221 1062 1000 1000
1000 1220 1061 1000 1000
1000 1219 1060 1000 1000
1000 1218 1059 1000 1000
1000 1217 1058 1000 1000
1000 1216 1057 1000 1000
1000 1215 1056 1000 1000
1000 1214 1055 1000 1000
1000 1213 1054 1000 1000
1000 1212 1053 1000 1000
1000 1211 1052 1000 1000
1000 1210 1051 1000 1000
1000 1209 1050 1000 1000
1000 1208 1049 1000 1000
1000 1207 1048 1000 1000
1000 1206 1047 1000 1000
1000 1205 1046 1000 1000
1000 1204 1045 1000 1000
1000 1203 1044 1000 1000
1000 1202 1043 1000 1000
1000 1201 1042 1000 1000
1000 1200 1041 1000 1000
1000 1199 1040 1000 1000
1000 1198 1039 1000 1000
1000 1197 1038 1000 1000
1000 1196 1037 1000 1000
1000 1195 1036 1000 1000
1000 1194 1035 1000 1000
1000 1193 1034 1000 1000
1000 1192 1033 1000 1000
1000 1191 1032 1000 1000
1000 1190 1031 1000 1000
1000 1189 1030 1000 1000
1000 1188 1029 1000 1000
1000 1187 1028 1000 1000
1000 1186 1027 1000 1000
1000 1185 1026 1000 1000
1000 1184 1025 1000 1000
1000 1183 1024 1000 1000
1000 1182 1023 1000 1000
1000 1181 1022 1000 1000
1000 1180 1021 1000 1000
1000 1179 1020 1000 1000
1000 1178 1019 1000 1000
1000 1177 1018 1000 1000
1000 1176 1017 1000 1000
1000 1175 1016 1000 1000
1000 1174 1015 1000 1000
1000 1173 1014 1000 1000
1000 1172 1013 1000 1000
1000 1171 1012 1000 1000
1000 1170 1011 1000 1000
1000 1169 1010 1000 1000
1000 1168 1009 1000 1000
1000 1167 1008 1000 1000
1000 1166 1007 1000 1000
1000 1165 1006 1000 1000
1000 1164 1005 1000 1000
1000 1163 1004 1000 1000
1000 1162 1003 1000 1000
1000 1161 1002 1000 1000
1000 1160 1001 1000 1000
1000 1159 1000 1000 1000
1000 1158 999 1000 1000
1000 1157 998 1000 1000
1000 1156 997 1000 1000
1000 1155 996 1000 1000
1000 1154 995 1000 1000
1000 1153 994 1000 1000
1000 1152 993 1000 1000
1000 1151 992 1000 1000
1000 1150 991 1000 1000
1000 1149 990 1000 1000
1000 1148 989 1000 1000
1000 1147 988 1000 1000
1000 1146 987 1000 1000
1000 1145 986 1000 1000
1000 1144 985 1000 1000
1000 1143 984 1000 1000
1000 1142 983 1000 1000
1000 1141 982 1000 1000
1000 1140 981 1000 1000
1000 1139 980 1000 1000
1000 1138 979 1000 1000
1000 1137 978 1000 1000
1000 1136 977 1000 1000
1000 1135 976 1000 1000
1000 1134 975 1000 1000
1000 1133 974 1000 1000
1000 1132 973 1000 1000
1000 1131 972 1000 1000
1000 1130 971 1000 1000
1000 1129 970 1000 1000
1000 1128 969 1000 1000
1000 1127 968 1000 1000
1000 1126 967 1000 1000
1000 1125 966 1000 1000
1000 1124 965 1000 1000
1000 1123 964 1000 1000
1000 1122 963 1000 1000
1000 1121 962 1000 1000
1000 1120 961 1000 1000
1000 1119 960 1000 1000
1000 1118 959 1000 1000
1000 1117 958 1000 1000
1000 1116 957 1000 1000
1000 1115 956 1000 1000
1000 1114 955 1000 1000
1000 1113 954 1000 1000
1000 1112 953 1000 1000
1000 1111 952 1000 1000
1000 1110 951 1000 1000
1000 1109 950 1000 1000
1000 1108 949 1000 1000
1000 1107 948 1000 1000
1000 1106 947 1000 1000
1000 1105 946 1000 1000
1000 1104 945 1000 1000
1000 1103 944 1000 1000
1000 1102 943 1000 1000
1000 1101 942 1000 1000
1000 1100 941 1000 1000
1000 1099 940 1000 1000
1000 1098 939 1000 1000
1000 1097 938 1000 1000
1000 1096 937 1000 1000
1000 1095 936 1000 1000
1000 1094 935 1000 1000
1000 1093 934 1000 1000
1000 1092 933 1000 1000
1000 1091 932 1000 1000
1000 1090 931 1000 1000
1000 1089 930 1000 1000
1000 1088 929 1000 1000
1000 1087 928 1000 1000
1000 1086 927 1000 1000
1000 1085 926 1000 1000
1000 1084 925 1000 1000
1000 1083 924 1000 1000
1000 1082 923 1000 1000
1000 1081 922 1000 1000
1000 1080 921 1000 1000
1000 1079 920 1000 1000
1000 1078 919 1000 1000
1000 1077 918 1000 1000
1000 1076 917 1000 1000
1000 1075 916 1000 1000
1000 1074 915 1000 1000
1000 1073 914 1000 1000
1000 1072 913 1000 1000
1000 1071 912 1000 1000
1000 1070 911 1000 1000
1000 1069 910 1000 1000
1000 1068 909 1000 1000
1000 1067 908 1000 1000
1000 1066 907 1000 1000
1000 1065 906 1000 1000
1000 1064 905 1000 1000
1000 1063 904 1000 1000
1000 1062 903 1000 1000
1000 1061 902 1000 1000
1000 1060 901 1000 1000
1000 1059 900 1000 1000
1000 1058 899 1000 1000
1000 1057 898 1000 1000
1000 1056 897 1000 1000
1000 1055 896 1000 1000
1000 1054 895 1000 1000
1000 1053 894 1000 1000
1000 1052 893 1000 1000
1000 1051 892 1000 1000
1000 1050 891 1000 1000
1000 1049 890 1000 1000
1000 1048 889 1000 1000
1000 1047 888 1000 1000
1000 1046 887 1000 1000
1000 1045 886 1000 1000
1000 1044 885 1000 1000
1000 1043 884 1000 1000
1000 1042 883 1000 1000
1000 1041 882 1000 1000
1000 1040 881 1000 1000
1000 1039 880 1000 1000
1000 1038 879 1000 1000
1000 1037 878 1000 1000
1000 1036 877 1000 1000
1000 1035 876 1000 1000
1000 1034 875 1000 1000
1000 1033 874 1000 1000
1000 1032 873 1000 1000
1000 1031 872 1000 1000
1000 1030 871 1000 1000
1000 1029 870 1000 1000
1000 1028 869 1000 1000
1000 1027 868 1000 1000
1000 1026 867 1000 1000
1000 1025 866 1000 1000
1000 1024 865 1000 1000
1000 1023 864 1000 1000
1000 1022 863 1000 1000
1000 1021 862 1000 1000
1000 1020 861 1000 1000
1000 1019 860 1000 1000
1000 1018 859 1000 1000
1000 1017 858 1000 1000
1000 1016 857 1000 1000
1000 1015 856 1000 1000
1000 1014 855 1000 1000
1000 1013 854 1000 1000
1000 1012 853 1000 1000
1000 1011 852 1000 1000
1000 1010 851 1000 1000
1000 1009 850 1000 1000
1000 1008 849 1000 1000
1000 1007 848 1000 1000
1000 1006 847 1000 1000
1000 1005 846 1000 1000
1000 1004 845 1000 1000
1000 1003 844 1000 1000
1000 1002 843 1000 1000
1000 1001 842 1000 1000
1000 1000 841 1000 1000
1000 999 840 1000 1000
1000 998 839 1000 1000
1000 997 838 1000 1000
1000 996 837 1000 1000
1000 995 836 1000 1000
1000 994 835 1000 1000
1000 993 834 1000 1000
1000 992 833 1000 1000
1000 991 832 1000 1000
1000 990 831 1000 1000
1000 989 830 1000 1000
1000 988 829 1000 1000
1000 987 828 1000 1000
1000 986 827 1000 1000
1000 985 826 1000 1000
1000 984 825 1000 1000
1000 983 824 1000 1000
1000 982 823 1000 1000
1000 981 822 1000 1000
1000 980 821 1000 1000
1000 979 820 1000 1000
1000 978 819 1000 1000
1000 977 818 1000 1000
1000 976 817 1000 1000
1000 975 816 1000 1000
1000 974 815 1000 1000
1000 973 814 1000 1000
1000 972 813 1000 1000
1000 971 812 1000 1000
1000 970 811 1000 1000
1000 969 810 1000 1000
1000 968 809 1000 1000
1000 967 808 1000 1000
1000 966 807 1000 1000
1000 965 806 1000 1000
1000 964 805 1000 1000
1000 963 804 1000 1000
1000 962 803 1000 1000
1000 961 802 1000 1000
1000 960 801 1000 1000
1000 959 800 1000 1000
1000 958 799 1000 1000
1000 957 798 1000 1000
1000 956 797 1000 1000
1000 955 796 1000 1000
1000 954 795 1000 1000
1000 953 794 1000 1000
1000 952 793 1000 1000
1000 951 792 1000 1000
1000 950 791 1000 1000
1000 949 790 1000 1000
1000 948 789 1000 1000
1000 947 788 1000 1000
1000 946 787 1000 1000
1000 945 786 1000 1000
1000 944 785 1000 1000
1000 943 784 1000 1000
1000 942 783 1000 1000
1000 941 782 1000 1000
1000 940 781 1000 1000
1000 939 780 1000 1000
1000 938 779 1000 1000
1000 937 778 1000 1000
1000 936 777 1000 1000
1000 935 776 1000 1000
1000 934 775 1000 1000
1000 933 774 1000 1000
1000 932 773 1000 1000
1000 931 772 1000 1000
1000 930 771 1000 1000
1000 929 770 1000 1000
1000 928 769 1000 1000
1000 927 768 1000 1000
1000 926 767 1000 1000
1000 925 766 1000 1000
1000 924 765 1000 1000
1000 923 764 1000 1000
1000 922 763 1000 1000
1000 921 762 1000 1000
1000 920 761 1000 1000
1000 919 760 1000 1000
1000 918 759 1000 1000
1000 917 758 1000 1000
1000 916 757 1000 1000
1000 915 756 1000 1000
1000 914 755 1000 1000
1000 913 754 1000 1000
1000 912 753 1000 1000
1000 911 752 1000 1000
1000 910 751 1000 1000
1000 909 750 1000 1000
1000 908 749 1000 1000
1000 907 748 1000 1000
1000 906 747 1000 1000
1000 905 746 1000 1000
1000 904 745 1000 1000
1000 903 744 1000 1000
1000 902 743 1000 1000
1000 901 742 1000 1000
1000 900 741 1000 1000
1000 899 740 1000 1000
1000 898 739 1000 1000
1000 897 738 1000 1000
1000 896 737 1000 1000
1000 895 736 1000 1000
1000 894 735 1000 1000
1000 893 734 1000 1000
1000 892 733 1000 1000
1000 891 732 1000 1000
1000 890 731 1000 1000
1000 889 730 1000 1000
1000 888 729 1000 1000
1000 887 728 1000 1000
1000 886 727 1000 1000
1000 885 726 1000 1000
1000 884 725 1000 1000
1000 883 724 1000 1000
1000 882 723 1000 1000
1000 881 722 1000 1000
1000 880 721 1000 1000
1000 879 720 1000 1000
1000 878 719 1000 1000
1000 877 718 1000 1000
1000 876 717 1000 1000
1000 875 716 1000 1000
1000 874 715 1000 1000
1000 873 714 1000 1000
1000 872 713 1000 1000
1000 871 712 1000 1000
1000 870 711 1000 1000
1000 869 710 1000 1000
1000 868 709 1000 1000
1000 867 708 1000 1000
1000 866 707 1000 1000
1000 865 706 1000 1000
1000 864 705 1000 1000
1000 863 704 1000 1000
1000 862 703 1000 1000
1000 861 702 1000 1000
1000 860 701 1000 1000
1000 859 700 1000 1000
1000 858 699 1000 1000
1000 857 698 1000 1000
1000 856 697 1000 1000
1000 855 696 1000 1000
1000 854 695 1000 1000
1000 853 694 1000 1000
1000 852 693 1000 1000
1000 851 692 1000 1000
1000 850 691 1000 1000
1000 849 690 1000 1000
1000 848 689 1000 1000
1000 847 688 1000 1000
1000 846 687 1000 1000
1000 845 686 1000 1000
1000 844 685 1000 1000
1000 843 684 1000 1000
1000 842 683 1000 1000
1000 841 682 1000 1000
1000 840 681 1000 1000
1000 839 680 1000 1000
1000 838 679 1000 1000
1000 837 678 1000 1000
1000 836 677 1000 1000
1000 835 676 1000 1000
1000 834 675 1000 1000
1000 833 674 1000 1000
1000 832 673 1000 1000
1000 831 672 1000 1000
1000 830 671 1000 1000
1000 829 670 1000 1000
1000 828 669 1000 1000
1000 827 668 1000 1000
1000 826 667 1000 1000
1000 825 666 1000 1000
1000 824 665 1000 1000
1000 823 664 1000 1000
1000 822 663 1000 1000
1000 821 662 1000 1000
1000 820 661 1000 1000
1000 819 660 1000 1000
1000 818 659 1000 1000
1000 817 658 1000 1000
1000 816 657 1000 1000
1000 815 656 1000 1000
1000 814 655 1000 1000
1000 813 654 1000 1000
1000 812 653 1000 1000
1000 811 652 1000 1000
1000 810 651 1000 1000
1000 809 650 1000 1000
1000 808 649 1000 1000
1000 807 648 1000 1000
1000 806 647 1000 1000
1000 805 646 1000 1000
1000 804 645 1000 1000
1000 803 644 1000 1000
1000 802 643 1000 1000
1000 801 642 1000 1000
1000 800 641 1000 1000
1000 799 640 1000 1000
1000 798 639 1000 1000
1000 797 638 1000 1000
1000 796 637 1000 1000
1000 795 636 1000 1000
1000 794 635 1000 1000
1000 793 634 1000 1000
1000 792 633 1000 1000
1000 791 632 1000 1000
1000 790 631 1000 1000
1000 789 630 1000 1000
1000 788 629 1000 1000
1000 787 628 1000 1000
1000 786 627 1000 1000
1000 785 626 1000 1000
1000 784 625 1000 1000
1000 783 624 1000 1000
1000 782 623 1000 1000
1000 781 622 1000 1000
1000 780 621 1000 1000
1000 779 620 1000 1000
1000 778 619 1000 1000
1000 777 618 1000 1000
1000 776 617 1000 1000
1000 775 616 1000 1000
1000 774 615 1000 1000
1000 773 614 1000 1000
1000 772 613 1000 1000
1000 771 612 1000 1000
1000 770 611 1000 1000
1000 769 610 1000 1000
1000 768 609 1000 1000
1000 767 608 1000 1000
1000 766 607 1000 1000
1000 765 606 1000 1000
1000 764 605 1000 1000
1000 763 604 1000 1000
1000 762 603 1000 1000
1000 761 602 1000 1000
1000 760 601 1000 1000
1000 759 600 1000 1000
1000 758 599 1000 1000
1000 757 598 1000 1000
1000 756 597 1000 1000
1000 755 596 1000 1000
1000 754 595 1000 1000
1000 753 594 1000 1000
1000 752 593 1000 1000
1000 751 592 1000 1000
1000 750 591 1000 1000
1000 749 590 1000 1000
1000 748 589 1000 1000
1000 747 588 1000 1000
1000 746 587 1000 1000
1000 745 586 1000 1000
1000 744 585 1000 1000
1000 743 584 1000 1000
1000 742 583 1000 1000
1000 741 582 1000 1000
1000 740 581 1000 1000
1000 739 580 1000 1000
1000 738 579 1000 1000
1000 737 578 1000 1000
1000 736 577 1000 1000
1000 735 576 1000 1000
1000 734 575 1000 1000
1000 733 574 1000 1000
1000 732 573 1000 1000
1000 731 572 1000 1000
1000 730 571 1000 1000
1000 729 570 1000 1000
1000 728 569 1000 1000
1000 727 568 1000 1000
1000 726 567 1000 1000
1000 725 566 1000 1000
1000 724 565 1000 1000
1000 723 564 1000 1000
1000 722 563 1000 1000
1000 721 562 1000 1000
1000 720 561 1000 1000
1000 719 560 1000 1000
1000 718 559 1000 1000
1000 717 558 1000 1000
1000 716 557 1000 1000
1000 715 556 1000 1000
1000 714 555 1000 1000
1000 713 554 1000 1000
1000 712 553 1000 1000
1000 711 552 1000 1000
1000 710 551 1000 1000
1000 709 550 1000 1000
1000 708 549 1000 1000
1000 707 548 1000 1000
1000 706 547 1000 1000
1000 705 546 1000 1000
1000 704 545 1000 1000
1000 703 544 1000 1000
1000 702 543 1000 1000
1000 701 542 1000 1000
1000 700 541 1000 1000
1000 699 540 1000 1000
1000 698 539 1000 1000
1000 697 538 1000 1000
1000 696 537 1000 1000
1000 695 536 1000 1000
1000 694 535 1000 1000
1000 693 534 1000 1000
1000 692 533 1000 1000
1000 691 532 1000 1000
1000 690 531 1000 1000
1000 689 530 1000 1000
1000 688 529 1000 1000
1000 687 528 1000 1000
1000 686 527 1000 1000
1000 685 526 1000 1000
1000 684 525 1000 1000
1000 683 524 1000 1000
1000 682 523 1000 1000
1000 681 522 1000 1000
1000 680 521 1000 1000
1000 679 520 1000 1000
1000 678 519 1000 1000
1000 677 518 1000 1000
1000 676 517 1000 1000
1000 675 516 1000 1000
1000 674 515 1000 1000
1000 673 514 1000 1000
1000 672 513 1000 1000
1000 671 512 1000 1000
1000 670 511 1000 1000
1000 669 510 1000 1000
1000 668 509 1000 1000
1000 667 508 1000 1000
1000 666 507 1000 1000
1000 665 506 1000 1000
1000 664 505 1000 1000
1000 663 504 1000 1000
1000 662 503 1000 1000
1000 661 502 1000 1000
1000 660 501 1000 1000
1000 659 500 1000 1000
1000 658 499 1000 1000
1000 657 498 1000 1000
1000 656 497 1000 1000
1000 655 496 1000 1000
1000 654 495 1000 1000
1000 653 494 1000 1000
1000 652 493 1000 1000
1000 651 492 1000 1000
1000 650 491 1000 1000
1000 649 490 1000 1000
1000 648 489 1000 1000
1000 647 488 1000 1000
1000 646 487 1000 1000
1000 645 486 1000 1000
1000 644 485 1000 1000
1000 643 484 1000 1000
1000 642 483 1000 1000
1000 641 482 1000 1000
1000 640 481 1000 1000
1000 639 480 1000 1000
1000 638 479 1000 1000
1000 637 478 1000 1000
1000 636 477 1000 1000
1000 635 476 1000 1000
1000 634 475 1000 1000
1000 633 474 1000 1000
1000 632 473 1000 1000
1000 631 472 1000 1000
1000 630 471 1000 1000
1000 629 470 1000 1000
1000 628 469 1000 1000
1000 627 468 1000 1000
1000 626 467 1000 1000
1000 625 466 1000 1000
1000 624 465 1000 1000
1000 623 464 1000 1000
1000 622 463 1000 1000
1000 621 462 1000 1000
1000 620 461 1000 1000
1000 619 460 1000 1000
1000 618 459 1000 1000
1000 617 458 1000 1000
1000 616 457 1000 1000
1000 615 456 1000 1000
1000 614 455 1000 1000
1000 613 454 1000 1000
1000 612 453 1000 1000
1000 611 452 1000 1000
1000 610 451 1000 1000
1000 609 450 1000 1000
1000 608 449 1000 1000
1000 607 448 1000 1000
1000 606 447 1000 1000
1000 605 446 1000 1000
1000 604 445 1000 1000
1000 603 444 1000 1000
1000 602 443 1000 1000
1000 601 442 1000 1000
1000 600 441 1000 1000
1000 599 440 1000 1000
1000 598 439 1000 1000
1000 597 438 1000 1000
1000 596 437 1000 1000
1000 595 436 1000 1000
1000 594 435 1000 1000
1000 593 434 1000 1000
1000 592 433 1000 1000
1000 591 432 1000 1000
1000 590 431 1000 1000
1000 589 430 1000 1000
1000 588 429 1000 1000
1000 587 428 1000 1000
1000 586 427 1000 1000
1000 585 426 1000 1000
1000 584 425 1000 1000
1000 583 424 1000 1000
1000 582 423 1000 1000
1000 581 422 1000 1000
1000 580 421 1000 1000
1000 579 420 1000 1000
1000 578 419 1000 1000
1000 577 418 1000 1000
1000 576 417 1000 1000
1000 575 416 1000 1000
1000 574 415 1000 1000
1000 573 414 1000 1000
1000 572 413 1000 1000
1000 571 412 1000 1000
1000 570 411 1000 1000
1000 569 410 1000 1000
1000 568 409 1000 1000
1000 567 408 1000 1000
1000 566 407 1000 1000
1000 565 406 1000 1000
1000 564 405 1000 1000
1000 563 404 1000 1000
1000 562 403 1000 1000
1000 561 402 1000 1000
1000 560 401 1000 1000
1000 559 400 1000 1000
1000 558 399 1000 1000
1000 557 398 1000 1000
1000 556 397 1000 1000
1000 555 396 1000 1000
1000 554 395 1000 1000
1000 553 394 1000 1000
1000 552 393 1000 1000
1000 551 392 1000 1000
1000 550 391 1000 1000
1000 549 390 1000 1000
1000 548 389 1000 1000
1000 547 388 1000 1000
1000 546 387 1000 1000
1000 545 386 1000 1000
1000 544 385 1000 1000
1000 543 384 1000 1000
1000 542 383 1000 1000
1000 541 382 1000 1000
1000 540 381 1000 1000
1000 539 380 1000 1000
1000 538 379 1000 1000
1000 537 378 1000 1000
1000 536 377 1000 1000
1000 535 376 1000 1000
1000 534 375 1000 1000
1000 533 374 1000 1000
1000 532 373 1000 1000
1000 531 372 1000 1000
1000 530 371 1000 1000
1000 529 370 1000 1000
1000 528 369 1000 1000
1000 527 368 1000 1000
1000 526 367 1000 1000
1000 525 366 1000 1000
1000 524 365 1000 1000
1000 523 364 1000 1000
1000 522 363 1000 1000
1000 521 362 1000 1000
1000 520 361 1000 1000
1000 519 360 1000 1000
1000 518 359 1000 1000
1000 517 358 1000 1000
1000 516 357 1000 1000
1000 515 356 1000 1000
1000 514 355 1000 1000
1000 513 354 1000 1000
1000 512 353 1000 1000
1000 511 352 1000 1000
1000 510 351 1000 1000
1000 509 350 1000 1000
1000 508 349 1000 1000
1000 507 348 1000 1000
1000 506 347 1000 1000
1000 505 346 1000 1000
1000 504 345 1000 1000
1000 503 344 1000 1000
1000 502 343 1000 1000
1000 501 342 1000 1000
1000 500 341 1000 1000
1000 499 340 1000 1000
1000 498 339 1000 1000
1000 497 338 1000 1000
1000 496 337 1000 1000
1000 495 336 1000 1000
1000 494 335 1000 1000
1000 493 334 1000 1000
1000 492 333 1000 1000
1000 491 332 1000 1000
1000 490 331 1000 1000
1000 489 330 1000 1000
1000 488 329 1000 1000
1000 487 328 1000 1000
1000 486 327 1000 1000
1000 485 326 1000 1000
1000 484 325 1000 1000
1000 483 324 1000 1000
1000 482 323 1000 1000
1000 481 322 1000 1000
1000 480 321 1000 1000
1000 479 320 1000 1000
1000 478 319 1000 1000
1000 477 318 1000 1000
1000 476 317 1000 1000
1000 475 316 1000 1000
1000 474 315 1000 1000
1000 473 314 1000 1000
1000 472 313 1000 1000
1000 471 312 1000 1000
1000 470 311 1000 1000
1000 469 310 1000 1000
1000 468 309 1000 1000
1000 467 308 1000 1000
1000 466 307 1000 1000
1000 465 306 1000 1000
1000 464 305 1000 1000
1000 463 304 1000 1000
1000 462 303 1000 1000
1000 461 302 1000 1000
1000 460 301 1000 1000
1000 459 300 1000 1000
1000 458 299 1000 1000
1000 457 298 1000 1000
1000 456 297 1000 1000
1000 455 296 1000 1000
1000 454 295 1000 1000
1000 453 294 1000 1000
1000 452 293 1000 1000
1000 451 292 1000 1000
1000 450 291 1000 1000
1000 449 290 1000 1000
1000 448 289 1000 1000
1000 447 288 1000 1000
1000 446 287 1000 1000
1000 445 286 1000 1000
1000 444 285 1000 1000
1000 443 284 1000 1000
1000 442 283 1000 1000
1000 441 282 1000 1000
1000 440 281 1000 1000
1000 439 280 1000 1000
1000 438 279 1000 1000
1000 437 278 1000 1000
1000 436 277 1000 1000
1000 435 276 1000 1000
1000 434 275 1000 1000
1000 433 274 1000 1000
1000 432 273 1000 1000
1000 431 272 1000 1000
1000 430 271 1000 1000
1000 429 270 1000 1000
1000 428 269 1000 1000
1000 427 268 1000 1000
1000 426 267 1000 1000
1000 425 266 1000 1000
1000 424 265 1000 1000
1000 423 264 1000 1000
1000 422 263 1000 1000
1000 421 262 1000 1000
1000 420 261 1000 1000
1000 419 260 1000 1000
1000 418 259 1000 1000
1000 417 258 1000 1000
1000 416 257 1000 1000
1000 415 256 1000 1000
1000 414 255 1000 1000
1000 413 254 1000 1000
1000 412 253 1000 1000
1000 411 252 1000 1000
1000 410 251 1000 1000
1000 409 250 1000 1000
1000 408 249 1000 1000
1000 407 248 1000 1000
1000 406 247 1000 1000
1000 405 246 1000 1000
1000 404 245 1000 1000
1000 403 244 1000 1000
1000 402 243 1000 1000
1000 401 242 1000 1000
1000 400 241 1000 1000
1000 399 240 1000 1000
1000 398 239 1000 1000
1000 397 238 1000 1000
1000 396 237 1000 1000
1000 395 236 1000 1000
1000 394 235 1000 1000
1000 393 234 1000 1000
1000 392 233 1000 1000
1000 391 232 1000 1000
1000 390 231 1000 1000
1000 389 230 1000 1000
1000 388 229 1000 1000
1000 387 228 1000 1000
1000 386 227 1000 1000
1000 385 226 1000 1000
1000 384 225 1000 1000
1000 383 224 1000 1000
1000 382 223 1000 1000
1000 381 222 1000 1000
1000 380 221 1000 1000
1000 379 220 1000 1000
1000 378 219 1000 1000
1000 377 218 1000 1000
1000 376 217 1000 1000
1000 375 216 1000 1000
1000 374 215 1000 1000
1000 373 214 1000 1000
1000 372 213 1000 1000
1000 371 212 1000 1000
1000 370 211 1000 1000
1000 369 210 1000 1000
1000 368 209 1000 1000
1000 367 208 1000 1000
1000 366 207 1000 1000
1000 365 206 1000 1000
1000 364 205 1000 1000
1000 363 204 1000 1000
1000 362 203 1000 1000
1000 361 202 1000 1000
1000 360 201 1000 1000
1000 359 200 1000 1000
1000 358 199 1000 1000
1000 357 198 1000 1000
1000 356 197 1000 1000
1000 355 196 1000 1000
1000 354 195 1000 1000
1000 353 194 1000 1000
1000 352 193 1000 1000
1000 351 192 1000 1000
1000 350 191 1000 1000
1000 349 190 1000 1000
1000 348 189 1000 1000
1000 347 188 1000 1000
1000 346 187 1000 1000
1000 345 186 1000 1000
1000 344 185 1000 1000
1000 343 184 1000 1000
1000 342 183 1000 1000
1000 341 182 1000 1000
1000 340 181 1000 1000
1000 339 180 1000 1000
1000 338 179 1000 1000
1000 337 178 1000 1000
1000 336 177 1000 1000
1000 335 176 1000 1000
1000 334 175 1000 1000
1000 333 174 1000 1000
1000 332 173 1000 1000
1000 331 172 1000 1000
1000 330 171 1000 1000
1000 329 170 1000 1000
1000 328 169 1000 1000
1000 327 168 1000 1000
1000 326 167 1000 1000
1000 325 166 1000 1000
1000 324 165 1000 1000
1000 323 164 1000 1000
1000 322 163 1000 1000
1000 321 162 1000 1000
1000 320 161 1000 1000
1000 319 160 1000 1000
1000 318 159 1000 1000
1000 317 158 1000 1000
1000 316 157 1000 1000
1000 315 156 1000 1000
1000 314 155 1000 1000
1000 313 154 1000 1000
1000 312 153 1000 1000
1000 311 152 1000 1000
1000 310 151 1000 1000
1000 309 150 1000 1000
1000 308 149 1000 1000
1000 307 148 1000 1000
1000 306 147 1000 1000
1000 305 146 1000 1000
1000 304 145 1000 1000
1000 303 144 1000 1000
1000 302 143 1000 1000
1000 301 142 1000 1000
1000 300 141 1000 1000
1000 299 140 1000 1000
1000 298 139 1000 1000
1000 297 138 1000 1000
1000 296 137 1000 1000
1000 295 136 1000 1000
1000 294 135 1000 1000
1000 293 134 1000 1000
1000 292 133 1000 1000
1000 291 132 1000 1000
1000 290 131 1000 1000
1000 289 130 1000 1000
1000 288 129 1000 1000
1000 287 128 1000 1000
1000 286 127 1000 1000
1000 285 126 1000 1000
1000 284 125 1000 1000
1000 283 124 1000 1000
1000 282 123 1000 1000
1000 281 122 1000 1000
1000 280 121 1000 1000
1000 279 120 1000 1000
1000 278 119 1000 1000
1000 277 118 1000 1000
1000 276 117 1000 1000
1000 275 116 1000 1000
1000 274 115 1000 1000
1000 273 114 1000 1000
1000 272 113 1000 1000
1000 271 112 1000 1000
1000 270 111 1000 1000
1000 269 110 1000 1000
1000 268 109 1000 1000
1000 267 108 1000 1000
1000 266 107 1000 1000
1000 265 106 1000 1000
1000 264 105 1000 1000
1000 263 104 1000 1000
1000 262 103 1000 1000
1000 261 102 1000 1000
1000 260 101 1000 1000
1000 259 100 1000 1000
1000 258 99 1000 1000
1000 257 98 1000 1000
1000 256 97 1000 1000
1000 255 96 1000 1000
1000 254 95 1000 1000
1000 253 94 1000 1000
1000 252 93 1000 1000
1000 251 92 1000 1000
1000 250 91 1000 1000
1000 249 90 1000 1000
1000 248 89 1000 1000
1000 247 88 1000 1000
1000 246 87 1000 1000
1000 245 86 1000 1000
1000 244 85 1000 1000
1000 243 84 1000 1000
1000 242 83 1000 1000
1000 241 82 1000 1000
1000 240 81 1000 1000
1000 239 80 1000 1000
1000 238 79 1000 1000
1000 237 78 1000 1000
1000 236 77 1000 1000
1000 235 76 1000 1000
1000 234 75 1000 1000
1000 233 74 1000 1000
1000 232 73 1000 1000
1000 231 72 1000 1000
1000 230 71 1000 1000
1000 229 70 1000 1000
1000 228 69 1000 1000
1000 227 68 1000 1000
1000 226 67 1000 1000
1000 225 66 1000 1000
1000 224 65 1000 1000
1000 223 64 1000 1000
1000 222 63 1000 1000
1000 221 62 1000 1000
1000 220 61 1000 1000
1000 219 60 1000 1000
1000 218 59 1000 1000
1000 217 58 1000 1000
1000 216 57 1000 1000
1000 215 56 1000 1000
1000 214 55 1000 1000
1000 213 54 1000 1000
1000 212 53 1000 1000
1000 211 52 1000 1000
1000 210 51 1000 1000
1000 209 50 1000 1000
1000 208 49 1000 1000
1000 207 48 1000 1000
1000 206 47 1000 1000
1000 205 46 1000 1000
1000 204 45 1000 1000
1000 203 44 1000 1000
1000 202 43 1000 1000
1000 201 42 1000 1000
1000 200 41 1000 1000
1000 199 40 1000 1000
1000 198 39 1000 1000
1000 197 38 1000 1000
1000 196 37 1000 1000
1000 195 36 1000 1000
1000 194 35 1000 1000
1000 193 34 1000 1000
1000 192 33 1000 1000
1000 191 32 1000 1000
1000 190 31 1000 1000
1000 189 30 1000 1000
1000 188 29 1000 1000
1000 187 28 1000 1000
1000 186 27 1000 1000
1000 185 26 1000 1000
1000 184 25 1000 1000
1000 183 24 1000 1000
1000 182 23 1000 1000
1000 181 22 1000 1000
1000 180 21 1000 1000
1000 179 20 1000 1000
1000 178 19 1000 1000
1000 177 18 1000 1000
1000 176 17 1000 1000
1000 175 16 1000 1000
1000 174 15 1000 1000
1000 173 14 1000 1000
1000 172 13 1000 1000
1000 171 12 1000 1000
1000 170 11 1000 1000
1000 169 10 1000 1000
1000 168 9 1000 1000
1000 167 8 1000 1000
1000 166 7 1000 1000
1000 165 6 1000 1000
1000 164 5 1000 1000
1000 163 4 1000 1000
1000 162 3 1000 1000
1000 161 2 1000 1000
1000 160 1 1000 1000
1000 159 0 1000 1000
1000 158 99 1000 1000
1000 157 98 1000 1000
1000 156 97 1000 1000
1000 155 96 1000 1000
1000 154 95 1000 1000
1000 153 94 1000 1000
1000 152 93 1000 1000
1000 151 92 1000 1000
1000 150 91 1000 1000
1000 149 90 1000 1000
1000 148 89 1000 1000
1000 147 88 1000 1000
1000 146 87 1000 1000
1000 145 86 1000 1000
1000 144 85 1000 1000
1000 143 84 1000 1000
1000 142 83 1000 1000
1000 141 82 1000 1000
1000 140 81 1000 1000
1000 139 80 1000 1000
1000 138 79 1000 1000
1000 137 78 1000 1000
1000 136 77 1000 1000
1000 135 76 1000 1000
1000 134 75 1000 1000
1000 133 74 1000 1000
1000 132 73 1000 1000
1000 131 72 1000 1000
1000 130 71 1000 1000
1000 129 70 1000 1000
1000 128 69 1000 1000
1000 127 68 1000 1000
1000 126 67 1000 1000
1000 125 66 1000 1000
1000 124 65 1000 1000
1000 123 64 1000 1000
1000 122 63 1000 1000
1000 121 62 1000 1000
1000 120 61 1000 1000
1000 119 60 1000 1000
1000 118 59 1000 1000
1000 117 58 1000 1000
1000 116 57 1000 1000
1000 115 56 1000 1000
1000 114 55 1000 1000
1000 113 54 1000 1000
1000 112 53 1000 1000
1000 111 52 1000 1000
1000 110 51 1000 1000
1000 109 50 1000 1000
1000 108 49 1000 1000
1000 107 48 1000 1000
1000 106 47 1000 1000
1000 105 46 1000 1000
1000 104 45 1000 1000
1000 103 44 1000 1000
1000 102 43 1000 1000
1000 101 42 1000 1000
1000 100 41 1000 1000
1000 99 40 1000 1000
1000 98 39 1000 1000
1000 97 38 1000 1000
1000 96 37 1000 1000
1000 95 36 1000 1000
1000 94 35 1000 1000
1000 93 34 1000 1000
1000 92 33 1000 1000
1000 91 32 1000 1000
1000 90 31 1000 1000
1000 89 30 1000 1000
1000 88 29 1000 1000
1000 87 28 1000 1000
1000 86 27 1000 1000
1000 85 26 1000 1000
1000 84 25 1000 1000
1000 83 24 1000 1000
1000 82 23 1000 1000
1000 81 22 1000 1000
1000 80 21 1000 1000
1000 79 20 1000 1000
1000 78 19 1000 1000
1000 77 18 1000 1000
1000 76 17 1000 1000
1000 75 16 1000 1000
1000 74 15 1000 1000
1000 73 14 1000 1000
1000 72 13 1000 1000
1000 71 12 1000 1000
1000 70 11 1000 1000
1000 69 10 1000 1000
1000 68 9 1000 1000
1000 67 8 1000 1000
1000 66 7 1000 1000
1000 65 6 1000 1000
1000 64 5 1000 1000
1000 63 4 1000 1000
1000 62 3 1000 1000
1000 61 2 1000 1000
1000 60 1 1000 1000
1000 59 0 1000 1000
1000 58 1058 1000 1000
1000 57 1057 1000 1000
1000 56 1056 1000 1000
1000 55 1055 1000 1000
1000 54 1054 1000 1000
1000 53 1053 1000 1000
1000 52 1052 1000 1000
1000 51 1051 1000 1000
1000 50 1050 1000 1000
1000 49 1049 1000 1000
1000 48 1048 1000 1000
1000 47 1047 1000 1000
1000 46 1046 1000 1000
1000 45 1045 1000 1000
1000 44 1044 1000 1000
1000 43 1043 1000 1000
1000 42 1042 1000 1000
1000 41 1041 1000 1000
1000 40 1040 1000 1000
1000 39 1039 1000 1000
1000 38 1038 1000 1000
1000 37 1037 1000 1000
1000 36 1036 1000 1000
1000 35 1035 1000 1000
1000 34 1034 1000 1000
1000 33 1033 1000 1000
1000 32 1032 1000 1000
1000 31 1031 1000 1000
1000 30 1030 1000 1000
1000 29 1029 1000 1000
1000 28 1028 1000 1000
1000 27 1027 1000 1000
1000 26 1026 1000 1000
1000 25 1025 1000 1000
1000 24 1024 1000 1000
1000 23 1023 1000 1000
1000 22 1022 1000 1000
1000 21 1021 1000 1000
1000 20 1020 1000 1000
1000 19 1019 1000 1000
1000 18 1018 1000 1000
1000 17 1017 1000 1000
1000 16 1016 1000 1000
1000 15 1015 1000 1000
1000 14 1014 1000 1000
1000 13 1013 1000 1000
1000 12 1012 1000 1000
1000 11 1011 1000 1000
1000 10 1010 1000 1000
1000 9 1009 1000 1000
1000 8 1008 1000 1000
1000 7 1007 1000 1000
1000 6 1006 1000 1000
1000 5 1005 1000 1000
1000 4 1004 1000 1000
1000 3 1003 1000 1000
1000 2 1002 1000 1000
1000 1 1001 1000 1000
1000 0 1000 1000 1000
1000 1599 999 1000 1000
1000 1598 998 1000 1000
1000 1597 997 1000 1000
1000 1596 996 1000 1000
1000 1595 995 1000 1000
1000 1594 994 1000 1000
1000 1593 993 1000 1000
1000 1592 992 1000 1000
1000 1591 991 1000 1000
1000 1590 990 1000 1000
1000 1589 989 1000 1000
1000 1588 988 1000 1000
1000 1587 987 1000 1000
1000 1586 986 1000 1000
1000 1585 985 1000 1000
1000 1584 984 1000 1000
1000 1583 983 1000 1000
1000 1582 982 1000 1000
1000 1581 981 1000 1000
1000 1580 980 1000 1000
1000 1579 979 1000 1000
1000 1578 978 1000 1000
1000 1577 977 1000 1000
1000 1576 976 1000 1000
1000 1575 975 1000 1000
1000 1574 974 1000 1000
1000 1573 973 1000 1000
1000 1572 972 1000 1000
1000 1571 971 1000 1000
1000 1570 970 1000 1000
1000 1569 969 1000 1000
1000 1568 968 1000 1000
1000 1567 967 1000 1000
1000 1566 966 1000 1000
1000 1565 965 1000 1000
1000 1564 964 1000 1000
1000 1563 963 1000 1000
1000 1562 962 1000 1000
1000 1561 961 1000 1000
1000 1560 960 1000 1000
1000 1559 959 1000 1000
1000 1558 958 1000 1000
1000 1557 957 1000 1000
1000 1556 956 1000 1000
1000 1555 955 1000 1000
1000 1554 954 1000 1000
1000 1553 953 1000 1000
1000 1552 952 1000 1000
1000 1551 951 1000 1000
1000 1550 950 1000 1000
1000 1549 949 1000 1000
1000 1548 948 1000 1000
1000 1547 947 1000 1000
1000 1546 946 1000 1000
1000 1545 945 1000 1000
1000 1544 944 1000 1000
1000 1543 943 1000 1000
1000 1542 942 1000 1000
1000 1541 941 1000 1000
1000 1540 940 1000 1000
1000 1539 939 1000 1000
1000 1538 938 1000 1000
1000 1537 937 1000 1000
1000 1536 936 1000 1000
1000 1535 935 1000 1000
1000 1534 934 1000 1000
1000 1533 933 1000 1000
1000 1532 932 1000 1000
1000 1531 931 1000 1000
1000 1530 930 1000 1000
1000 1529 929 1000 1000
1000 1528 928 1000 1000
1000 1527 927 1000 1000
1000 1526 926 1000 1000
1000 1525 925 1000 1000
1000 1524 924 1000 1000
1000 1523 923 1000 1000
1000 1522 922 1000 1000
1000 1521 921 1000 1000
1000 1520 920 1000 1000
1000 1519 919 1000 1000
1000 1518 918 1000 1000
1000 1517 917 1000 1000
1000 1516 916 1000 1000
1000 1515 915 1000 1000
1000 1514 914 1000 1000
1000 1513 913 1000 1000
1000 1512 912 1000 1000
1000 1511 911 1000 1000
1000 1510 910 1000 1000
1000 1509 909 1000 1000
1000 1508 908 1000 1000
1000 1507 907 1000 1000
1000 1506 906 1000 1000
1000 1505 905 1000 1000
1000 1504 904 1000 1000
1000 1503 903 1000 1000
1000 1502 902 1000 1000
1000 1501 901 1000 1000
1000 1500 900 1000 1000
1000 1499 899 1000 1000
1000 1498 898 1000 1000
1000 1497 897 1000 1000
1000 1496 896 1000 1000
1000 1495 895 1000 1000
1000 1494 894 1000 1000
1000 1493 893 1000 1000
1000 1492 892 1000 1000
1000 1491 891 1000 1000
1000 1490 890 1000 1000
1000 1489 889 1000 1000
1000 1488 888 1000 1000
1000 1487 887 1000 1000
1000 1486 886 1000 1000
1000 1485 885 1000 1000
1000 1484 884 1000 1000
1000 1483 883 1000 1000
1000 1482 882 1000 1000
1000 1481 881 1000 1000
1000 1480 880 1000 1000
1000 1479 879 1000 1000
1000 1478 878 1000 1000
1000 1477 877 1000 1000
1000 1476 876 1000 1000
1000 1475 875 1000 1000
1000 1474 874 1000 1000
1000 1473 873 1000 1000
1000 1472 872 1000 1000
1000 1471 871 1000 1000
1000 1470 870 1000 1000
1000 1469 869 1000 1000
1000 1468 868 1000 1000
1000 1467 867 1000 1000
1000 1466 866 1000 1000
1000 1465 865 1000 1000
1000 1464 864 1000 1000
1000 1463 863 1000 1000
1000 1462 862 1000 1000
1000 1461 861 1000 1000
1000 1460 860 1000 1000
1000 1459 859 1000 1000
1000 1458 858 1000 1000
1000 1457 857 1000 1000
1000 1456 856 1000 1000
1000 1455 855 1000 1000
1000 1454 854 1000 1000
1000 1453 853 1000 1000
1000 1452 852 1000 1000
1000 1451 851 1000 1000
1000 1450 850 1000 1000
1000 1449 849 1000 1000
1000 1448 848 1000 1000
1000 1447 847 1000 1000
1000 1446 846 1000 1000
1000 1445 845 1000 1000
1000 1444 844 1000 1000
1000 1443 843 1000 1000
1000 1442 842 1000 1000
1000 1441 841 1000 1000
1000 1440 840 1000 1000
1000 1439 839 1000 1000
1000 1438 838 1000 1000
1000 1437 837 1000 1000
1000 1436 836 1000 1000
1000 1435 835 1000 1000
1000 1434 834 1000 1000
1000 1433 833 1000 1000
1000 1432 832 1000 1000
1000 1431 831 1000 1000
1000 1430 830 1000 1000
1000 1429 829 1000 1000
1000 1428 828 1000 1000
1000 1427 827 1000 1000
1000 1426 826 1000 1000
1000 1425 825 1000 1000
1000 1424 824 1000 1000
1000 1423 823 1000 1000
1000 1422 822 1000 1000
1000 1421 821 1000 1000
1000 1420 820 1000 1000
1000 1419 819 1000 1000
1000 1418 818 1000 1000
1000 1417 817 1000 1000
1000 1416 816 1000 1000
1000 1415 815 1000 1000
1000 1414 814 1000 1000
1000 1413 813 1000 1000
1000 1412 812 1000 1000
1000 1411 811 1000 1000
1000 1410 810 1000 1000
1000 1409 809 1000 1000
1000 1408 808 1000 1000
1000 1407 807 1000 1000
1000 1406 806 1000 1000
1000 1405 805 1000 1000
1000 1404 804 1000 1000
1000 1403 803 1000 1000
1000 1402 802 1000 1000
1000 1401 801 1000 1000
1000 1400 800 1000 1000
1000 1399 799 1000 1000
1000 1398 798 1000 1000
1000 1397 797 1000 1000
1000 1396 796 1000 1000
1000 1395 795 1000 1000
1000 1394 794 1000 1000
1000 1393 793 1000 1000
1000 1392 792 1000 1000
1000 1391 791 1000 1000
1000 1390 790 1000 1000
1000 1389 789 1000 1000
1000 1388 788 1000 1000
1000 1387 787 1000 1000
1000 1386 786 1000 1000
1000 1385 785 1000 1000
1000 1384 784 1000 1000
1000 1383 783 1000 1000
1000 1382 782 1000 1000
1000 1381 781 1000 1000
1000 1380 780 1000 1000
1000 1379 779 1000 1000
1000 1378 778 1000 1000
1000 1377 777 1000 1000
1000 1376 776 1000 1000
1000 1375 775 1000 1000
1000 1374 774 1000 1000
1000 1373 773 1000 1000
1000 1372 772 1000 1000
1000 1371 771 1000 1000
1000 1370 770 1000 1000
1000 1369 769 1000 1000
1000 1368 768 1000 1000
1000 1367 767 1000 1000
1000 1366 766 1000 1000
1000 1365 765 1000 1000
1000 1364 764 1000 1000
1000 1363 763 1000 1000
1000 1362 762 1000 1000
1000 1361 761 1000 1000
1000 1360 760 1000 1000
1000 1359 759 1000 1000
1000 1358 758 1000 1000
1000 1357 757 1000 1000
1000 1356 756 1000 1000
1000 1355 755 1000 1000
1000 1354 754 1000 1000
1000 1353 753 1000 1000
1000 1352 752 1000 1000
1000 1351 751 1000 1000
1000 1350 750 1000 1000
1000 1349 749 1000 1000
1000 1348 748 1000 1000
1000 1347 747 1000 1000
1000 1346 746 1000 1000
1000 1345 745 1000 1000
1000 1344 744 1000 1000
1000 1343 743 1000 1000
1000 1342 742 1000 1000
1000 1341 741 1000 1000
1000 1340 740 1000 1000
1000 1339 739 1000 1000
1000 1338 738 1000 1000
1000 1337 737 1000 1000
1000 1336 736 1000 1000
1000 1335 735 1000 1000
1000 1334 734 1000 1000
1000 1333 733 1000 1000
1000 1332 732 1000 1000
1000 1331 731 1000 1000
1000 1330 730 1000 1000
1000 1329 729 1000 1000
1000 1328 728 1000 1000
1000 1327 727 1000 1000
1000 1326 726 1000 1000
1000 1325 725 1000 1000
1000 1324 724 1000 1000
1000 1323 723 1000 1000
1000 1322 722 1000 1000
1000 1321 721 1000 1000
1000 1320 720 1000 1000
1000 1319 719 1000 1000
1000 1318 718 1000 1000
1000 1317 717 1000 1000
1000 1316 716 1000 1000
1000 1315 715 1000 1000
1000 1314 714 1000 1000
1000 1313 713 1000 1000
1000 1312 712 1000 1000
1000 1311 711 1000 1000
1000 1310 710 1000 1000
1000 1309 709 1000 1000
1000 1308 708 1000 1000
1000 1307 707 1000 1000
1000 1306 706 1000 1000
1000 1305 705 1000 1000
1000 1304 704 1000 1000
1000 1303 703 1000 1000
1000 1302 702 1000 1000
1000 1301 701 1000 1000
1000 1300 700 1000 1000
1000 1299 699 1000 1000
1000 1298 698 1000 1000
1000 1297 697 1000 1000
1000 1296 696 1000 1000
1000 1295 695 1000 1000
1000 1294 694 1000 1000
1000 1293 693 1000 1000
1000 1292 692 1000 1000
1000 1291 691 1000 1000
1000 1290 690 1000 1000
1000 1289 689 1000 1000
1000 1288 688 1000 1000
1000 1287 687 1000 1000
1000 1286 686 1000 1000
1000 1285 685 1000 1000
1000 1284 684 1000 1000
1000 1283 683 1000 1000
1000 1282 682 1000 1000
1000 1281 681 1000 1000
1000 1280 680 1000 1000
1000 1279 679 1000 1000
1000 1278 678 1000 1000
1000 1277 677 1000 1000
1000 1276 676 1000 1000
1000 1275 675 1000 1000
1000 1274 674 1000 1000
1000 1273 673 1000 1000
1000 1272 672 1000 1000
1000 1271 671 1000 1000
1000 1270 670 1000 1000
1000 1269 669 1000 1000
1000 1268 668 1000 1000
1000 1267 667 1000 1000
1000 1266 666 1000 1000
1000 1265 665 1000 1000
1000 1264 664 1000 1000
1000 1263 663 1000 1000
1000 1262 662 1000 1000
1000 1261 661 1000 1000
1000 1260 660 1000 1000
1000 1259 659 1000 1000
1000 1258 658 1000 1000
1000 1257 657 1000 1000
1000 1256 656 1000 1000
1000 1255 655 1000 1000
1000 1254 654 1000 1000
1000 1253 653 1000 1000
1000 1252 652 1000 1000
1000 1251 651 1000 1000
1000 1250 650 1000 1000
1000 1249 649 1000 1000
1000 1248 648 1000 1000
1000 1247 647 1000 1000
1000 1246 646 1000 1000
1000 1245 645 1000 1000
1000 1244 644 1000 1000
1000 1243 643 1000 1000
1000 1242 642 1000 1000
1000 1241 641 1000 1000
1000 1240 640 1000 1000
1000 1239 639 1000 1000
1000 1238 638 1000 1000
1000 1237 637 1000 1000
1000 1236 636 1000 1000
1000 1235 635 1000 1000
1000 1234 634 1000 1000
1000 1233 633 1000 1000
1000 1232 632 1000 1000
1000 1231 631 1000 1000
1000 1230 630 1000 1000
1000 1229 629 1000 1000
1000 1228 628 1000 1000
1000 1227 627 1000 1000
1000 1226 626 1000 1000
1000 1225 625 1000 1000
1000 1224 624 1000 1000
1000 1223 623 1000 1000
1000 1222 622 1000 1000
1000 1221 621 1000 1000
1000 1220 620 1000 1000
1000 1219 619 1000 1000
1000 1218 618 1000 1000
1000 1217 617 1000 1000
1000 1216 616 1000 1000
1000 1215 615 1000 1000
1000 1214 614 1000 1000
1000 1213 613 1000 1000
1000 1212 612 1000 1000
1000 1211 611 1000 1000
1000 1210 610 1000 1000
1000 1209 609 1000 1000
1000 1208 608 1000 1000
1000 1207 607 1000 1000
1000 1206 606 1000 1000
1000 1205 605 1000 1000
1000 1204 604 1000 1000
1000 1203 603 1000 1000
1000 1202 602 1000 1000
1000 1201 601 1000 1000
1000 1200 600 1000 1000
1000 1199 599 1000 1000
1000 1198 598 1000 1000
1000 1197 597 1000 1000
1000 1196 596 1000 1000
1000 1195 595 1000 1000
1000 1194 594 1000 1000
1000 1193 593 1000 1000
1000 1192 592 1000 1000
1000 1191 591 1000 1000
1000 1190 590 1000 1000
1000 1189 589 1000 1000
1000 1188 588 1000 1000
1000 1187 587 1000 1000
1000 1186 586 1000 1000
1000 1185 585 1000 1000
1000 1184 584 1000 1000
1000 1183 583 1000 1000
1000 1182 582 1000 1000
1000 1181 581 1000 1000
1000 1180 580 1000 1000
1000 1179 579 1000 1000
1000 1178 578 1000 1000
1000 1177 577 1000 1000
1000 1176 576 1000 1000
1000 1175 575 1000 1000
1000 1174 574 1000 1000
1000 1173 573 1000 1000
1000 1172 572 1000 1000
1000 1171 571 1000 1000
1000 1170 570 1000 1000
1000 1169 569 1000 1000
1000 1168 568 1000 1000
1000 1167 567 1000 1000
1000 1166 566 1000 1000
1000 1165 565 1000 1000
1000 1164 564 1000 1000
1000 1163 563 1000 1000
1000 1162 562 1000 1000
1000 1161 561 1000 1000
1000 1160 560 1000 1000
1000 1159 559 1000 1000
1000 1158 558 1000 1000
1000 1157 557 1000 1000
1000 1156 556 1000 1000
1000 1155 555 1000 1000
1000 1154 554 1000 1000
1000 1153 553 1000 1000
1000 1152 552 1000 1000
1000 1151 551 1000 1000
1000 1150 550 1000 1000
1000 1149 549 1000 1000
1000 1148 548 1000 1000
1000 1147 547 1000 1000
1000 1146 546 1000 1000
1000 1145 545 1000 1000
1000 1144 544 1000 1000
1000 1143 543 1000 1000
1000 1142 542 1000 1000
1000 1141 541 1000 1000
1000 1140 540 1000 1000
1000 1139 539 1000 1000
1000 1138 538 1000 1000
1000 1137 537 1000 1000
1000 1136 536 1000 1000
1000 1135 535 1000 1000
1000 1134 534 1000 1000
1000 1133 533 1000 1000
1000 1132 532 1000 1000
1000 1131 531 1000 1000
1000 1130 530 1000 1000
1000 1129 529 1000 1000
1000 1128 528 1000 1000
1000 1127 527 1000 1000
1000 1126 526 1000 1000
1000 1125 525 1000 1000
1000 1124 524 1000 1000
1000 1123 523 1000 1000
1000 1122 522 1000 1000
1000 1121 521 1000 1000
1000 1120 520 1000 1000
1000 1119 519 1000 1000
1000 1118 518 1000 1000
1000 1117 517 1000 1000
1000 1116 516 1000 1000
1000 1115 515 1000 1000
1000 1114 514 1000 1000
1000 1113 513 1000 1000
1000 1112 512 1000 1000
1000 1111 511 1000 1000
1000 1110 510 1000 1000
1000 1109 509 1000 1000
1000 1108 508 1000 1000
1000 1107 507 1000 1000
1000 1106 506 1000 1000
1000 1105 505 1000 1000
1000 1104 504 1000 1000
1000 1103 503 1000 1000
1000 1102 502 1000 1000
1000 1101 501 1000 1000
1000 1100 500 1000 1000
1000 1099 499 1000 1000
1000 1098 498 1000 1000
1000 1097 497 1000 1000
1000 1096 496 1000 1000
1000 1095 495 1000 1000
1000 1094 494 1000 1000
1000 1093 493 1000 1000
1000 1092 492 1000 1000
1000 1091 491 1000 1000
1000 1090 490 1000 1000
1000 1089 489 1000 1000
1000 1088 488 1000 1000
1000 1087 487 1000 1000
1000 1086 486 1000 1000
1000 1085 485 1000 1000
1000 1084 484 1000 1000
1000 1083 483 1000 1000
1000 1082 482 1000 1000
1000 1081 481 1000 1000
1000 1080 480 1000 1000
1000 1079 479 1000 1000
1000 1078 478 1000 1000
1000 1077 477 1000 1000
1000 1076 476 1000 1000
1000 1075 475 1000 1000
1000 1074 474 1000 1000
1000 1073 473 1000 1000
1000 1072 472 1000 1000
1000 1071 471 1000 1000
1000 1070 470 1000 1000
1000 1069 469 1000 1000
1000 1068 468 1000 1000
1000 1067 467 1000 1000
1000 1066 466 1000 1000
1000 1065 465 1000 1000
1000 1064 464 1000 1000
1000 1063 463 1000 1000
1000 1062 462 1000 1000
1000 1061 461 1000 1000
1000 1060 460 1000 1000
1000 1059 459 1000 1000
1000 1058 458 1000 1000
1000 1057 457 1000 1000
1000 1056 456 1000 1000
1000 1055 455 1000 1000
1000 1054 454 1000 1000
1000 1053 453 1000 1000
1000 1052 452 1000 1000
1000 1051 451 1000 1000
1000 1050 450 1000 1000
1000 1049 449 1000 1000
1000 1048 448 1000 1000
1000 1047 447 1000 1000
1000 1046 446 1000 1000
1000 1045 445 1000 1000
1000 1044 444 1000 1000
1000 1043 443 1000 1000
1000 1042 442 1000 1000
1000 1041 441 1000 1000
1000 1040 440 1000 1000
1000 1039 439 1000 1000
1000 1038 438 1000 1000
1000 1037 437 1000 1000
1000 1036 436 1000 1000
1000 1035 435 1000 1000
1000 1034 434 1000 1000
1000 1033 433 1000 1000
1000 1032 432 1000 1000
1000 1031 431 1000 1000
1000 1030 430 1000 1000
1000 1029 429 1000 1000
1000 1028 428 1000 1000
1000 1027 427 1000 1000
1000 1026 426 1000 1000
1000 1025 425 1000 1000
1000 1024 424 1000 1000
1000 1023 423 1000 1000
1000 1022 422 1000 1000
1000 1021 421 1000 1000
1000 1020 420 1000 1000
1000 1019 419 1000 1000
1000 1018 418 1000 1000
1000 1017 417 1000 1000
1000 1016 416 1000 1000
1000 1015 415 1000 1000
1000 1014 414 1000 1000
1000 1013 413 1000 1000
1000 1012 412 1000 1000
1000 1011 411 1000 1000
1000 1010 410 1000 1000
1000 1009 409 1000 1000
1000 1008 408 1000 1000
1000 1007 407 1000 1000
1000 1006 406 1000 1000
1000 1005 405 1000 1000
1000 1004 404 1000 1000
1000 1003 403 1000 1000
1000 1002 402 1000 1000
1000 1001 401 1000 1000
1000 1000 400 1000 1000
1000 999 399 1000 1000
1000 998 398 1000 1000
1000 997 397 1000 1000
1000 996 396 1000 1000
1000 995 395 1000 1000
1000 994 394 1000 1000
1000 993 393 1000 1000
1000 992 392 1000 1000
1000 991 391 1000 1000
1000 990 390 1000 1000
1000 989 389 1000 1000
1000 988 388 1000 1000
1000 987 387 1000 1000
1000 986 386 1000 1000
1000 985 385 1000 1000
1000 984 384 1000 1000
1000 983 383 1000 1000
1000 982 382 1000 1000
1000 981 381 1000 1000
1000 980 380 1000 1000
1000 979 379 1000 1000
1000 978 378 1000 1000
1000 977 377 1000 1000
1000 976 376 1000 1000
1000 975 375 1000 1000
1000 974 374 1000 1000
1000 973 373 1000 1000
1000 972 372 1000 1000
1000 971 371 1000 1000
1000 970 370 1000 1000
1000 969 369 1000 1000
1000 968 368 1000 1000
1000 967 367 1000 1000
1000 966 366 1000 1000
1000 965 365 1000 1000
1000 964 364 1000 1000
1000 963 363 1000 1000
1000 962 362 1000 1000
1000 961 361 1000 1000
1000 960 360 1000 1000
1000 959 359 1000 1000
1000 958 358 1000 1000
1000 957 357 1000 1000
1000 956 356 1000 1000
1000 955 355 1000 1000
1000 954 354 1000 1000
1000 953 353 1000 1000
1000 952 352 1000 1000
1000 951 351 1000 1000
1000 950 350 1000 1000
1000 949 349 1000 1000
1000 948 348 1000 1000
1000 947 347 1000 1000
1000 946 346 1000 1000
1000 945 345 1000 1000
1000 944 344 1000 1000
1000 943 343 1000 1000
1000 942 342 1000 1000
1000 941 341 1000 1000
1000 940 340 1000 1000
1000 939 339 1000 1000
1000 938 338 1000 1000
1000 937 337 1000 1000
1000 936 336 1000 1000
1000 935 335 1000 1000
1000 934 334 1000 1000
1000 933 333 1000 1000
1000 932 332 1000 1000
1000 931 331 1000 1000
1000 930 330 1000 1000
1000 929 329 1000 1000
1000 928 328 1000 1000
1000 927 327 1000 1000
1000 926 326 1000 1000
1000 925 325 1000 1000
1000 924 324 1000 1000
1000 923 323 1000 1000
1000 922 322 1000 1000
1000 921 321 1000 1000
1000 920 320 1000 1000
1000 919 319 1000 1000
1000 918 318 1000 1000
1000 917 317 1000 1000
1000 916 316 1000 1000
1000 915 315 1000 1000
1000 914 314 1000 1000
1000 913 313 1000 1000
1000 912 312 1000 1000
1000 911 311 1000 1000
1000 910 310 1000 1000
1000 909 309 1000 1000
1000 908 308 1000 1000
1000 907 307 1000 1000
1000 906 306 1000 1000
1000 905 305 1000 1000
1000 904 304 1000 1000
1000 903 303 1000 1000
1000 902 302 1000 1000
1000 901 301 1000 1000
1000 900 300 1000 1000
1000 899 299 1000 1000
1000 898 298 1000 1000
1000 897 297 1000 1000
1000 896 296 1000 1000
1000 895 295 1000 1000
1000 894 294 1000 1000
1000 893 293 1000 1000
1000 892 292 1000 1000
1000 891 291 1000 1000
1000 890 290 1000 1000
1000 889 289 1000 1000
1000 888 288 1000 1000
1000 887 287 1000 1000
1000 886 286 1000 1000
1000 885 285 1000 1000
1000 884 284 1000 1000
1000 883 283 1000 1000
1000 882 282 1000 1000
1000 881 281 1000 1000
1000 880 280 1000 1000
1000 879 279 1000 1000
1000 878 278 1000 1000
1000 877 277 1000 1000
1000 876 276 1000 1000
1000 875 275 1000 1000
1000 874 274 1000 1000
1000 873 273 1000 1000
1000 872 272 1000 1000
1000 871 271 1000 1000
1000 870 270 1000 1000
1000 869 269 1000 1000
1000 868 268 1000 1000
1000 867 267 1000 1000
1000 866 266 1000 1000
1000 865 265 1000 1000
1000 864 264 1000 1000
1000 863 263 1000 1000
1000 862 262 1000 1000
1000 861 261 1000 1000
1000 860 260 1000 1000
1000 859 259 1000 1000
1000 858 258 1000 1000
1000 857 257 1000 1000
1000 856 256 1000 1000
1000 855 255 1000 1000
1000 854 254 1000 1000
1000 853 253 1000 1000
1000 852 252 1000 1000
1000 851 251 1000 1000
1000 850 250 1000 1000
1000 849 249 1000 1000
1000 848 248 1000 1000
1000 847 247 1000 1000
1000 846 246 1000 1000
1000 845 245 1000 1000
1000 844 244 1000 1000
1000 843 243 1000 1000
1000 842 242 1000 1000
1000 841 241 1000 1000
1000 840 240 1000 1000
1000 839 239 1000 1000
1000 838 238 1000 1000
1000 837 237 1000 1000
1000 836 236 1000 1000
1000 835 235 1000 1000
1000 834 234 1000 1000
1000 833 233 1000 1000
1000 832 232 1000 1000
1000 831 231 1000 1000
1000 830 230 1000 1000
1000 829 229 1000 1000
1000 828 228 1000 1000
1000 827 227 1000 1000
1000 826 226 1000 1000
1000 825 225 1000 1000
1000 824 224 1000 1000
1000 823 223 1000 1000
1000 822 222 1000 1000
1000 821 221 1000 1000
1000 820 220 1000 1000
1000 819 219 1000 1000
1000 818 218 1000 1000
1000 817 217 1000 1000
1000 816 216 1000 1000
1000 815 215 1000 1000
1000 814 214 1000 1000
1000 813 213 1000 1000
1000 812 212 1000 1000
1000 811 211 1000 1000
1000 810 210 1000 1000
1000 809 209 1000 1000
1000 808 208 1000 1000
1000 807 207 1000 1000
1000 806 206 1000 1000
1000 805 205 1000 1000
1000 804 204 1000 1000
1000 803 203 1000 1000
1000 802 202 1000 1000
1000 801 201 1000 1000
1000 800 200 1000 1000
1000 799 199 1000 1000
1000 798 198 1000 1000
1000 797 197 1000 1000
1000 796 196 1000 1000
1000 795 195 1000 1000
1000 794 194 1000 1000
1000 793 193 1000 1000
1000 792 192 1000 1000
1000 791 191 1000 1000
1000 790 190 1000 1000
1000 789 189 1000 1000
1000 788 188 1000 1000
1000 787 187 1000 1000
1000 786 186 1000 1000
1000 785 185 1000 1000
1000 784 184 1000 1000
1000 783 183 1000 1000
1000 782 182 1000 1000
1000 781 181 1000 1000
1000 780 180 1000 1000
1000 779 179 1000 1000
1000 778 178 1000 1000
1000 777 177 1000 1000
1000 776 176 1000 1000
1000 775 175 1000 1000
1000 774 174 1000 1000
1000 773 173 1000 1000
1000 772 172 1000 1000
1000 771 171 1000 1000
1000 770 170 1000 1000
1000 769 169 1000 1000
1000 768 168 1000 1000
1000 767 167 1000 1000
1000 766 166 1000 1000
1000 765 165 1000 1000
1000 764 164 1000 1000
1000 763 163 1000 1000
1000 762 162 1000 1000
1000 761 161 1000 1000
1000 760 160 1000 1000
1000 759 159 1000 1000
1000 758 158 1000 1000
1000 757 157 1000 1000
1000 756 156 1000 1000
1000 755 155 1000 1000
1000 754 154 1000 1000
1000 753 153 1000 1000
1000 752 152 1000 1000
1000 751 151 1000 1000
1000 750 150 1000 1000
1000 749 149 1000 1000
1000 748 148 1000 1000
1000 747 147 1000 1000
1000 746 146 1000 1000
1000 745 145 1000 1000
1000 744 144 1000 1000
1000 743 143 1000 1000
1000 742 142 1000 1000
1000 741 141 1000 1000
1000 740 140 1000 1000
1000 739 139 1000 1000
1000 738 138 1000 1000
1000 737 137 1000 1000
1000 736 136 1000 1000
1000 735 135 1000 1000
1000 734 134 1000 1000
1000 733 133 1000 1000
1000 732 132 1000 1000
1000 731 131 1000 1000
1000 730 130 1000 1000
1000 729 129 1000 1000
1000 728 128 1000 1000
1000 727 127 1000 1000
1000 726 126 1000 1000
1000 725 125 1000 1000
1000 724 124 1000 1000
1000 723 123 1000 1000
1000 722 122 1000 1000
1000 721 121 1000 1000
1000 720 120 1000 1000
1000 719 119 1000 1000
1000 718 118 1000 1000
1000 717 117 1000 1000
1000 716 116 1000 1000
1000 715 115 1000 1000
1000 714 114 1000 1000
1000 713 113 1000 1000
1000 712 112 1000 1000
1000 711 111 1000 1000
1000 710 110 1000 1000
1000 709 109 1000 1000
1000 708 108 1000 1000
1000 707 107 1000 1000
1000 706 106 1000 1000
1000 705 105 1000 1000
1000 704 104 1000 1000
1000 703 103 1000 1000
1000 702 102 1000 1000
1000 701 101 1000 1000
1000 700 100 1000 1000
1000 699 99 1000 1000
1000 698 98 1000 1000
1000 697 97 1000 1000
1000 696 96 1000 1000
1000 695 95 1000 1000
1000 694 94 1000 1000
1000 693 93 1000 1000
1000 692 92 1000 1000
1000 691 91 1000 1000
1000 690 90 1000 1000
1000 689 89 1000 1000
1000 688 88 1000 1000
1000 687 87 1000 1000
1000 686 86 1000 1000
1000 685 85 1000 1000
1000 684 84 1000 1000
1000 683 83 1000 1000
1000 682 82 1000 1000
1000 681 81 1000 1000
1000 680 80 1000 1000
1000 679 79 1000 1000
1000 678 78 1000 1000
1000 677 77 1000 1000
1000 676 76 1000 1000
1000 675 75 1000 1000
1000 674 74 1000 1000
1000 673 73 1000 1000
1000 672 72 1000 1000
1000 671 71 1000 1000
1000 670 70 1000 1000
1000 669 69 1000 1000
1000 668 68 1000 1000
1000 667 67 1000 1000
1000 666 66 1000 1000
1000 665 65 1000 1000
1000 664 64 1000 1000
1000 663 63 1000 1000
1000 662 62 1000 1000
1000 661 61 1000 1000
1000 660 60 1000 1000
1000 659 59 1000 1000
1000 658 58 1000 1000
1000 657 57 1000 1000
1000 656 56 1000 1000
1000 655 55 1000 1000
1000 654 54 1000 1000
1000 653 53 1000 1000
1000 652 52 1000 1000
1000 651 51 1000 1000
1000 650 50 1000 1000
1000 649 49 1000 1000
1000 648 48 1000 1000
1000 647 47 1000 1000
1000 646 46 1000 1000
1000 645 45 1000 1000
1000 644 44 1000 1000
1000 643 43 1000 1000
1000 642 42 1000 1000
1000 641 41 1000 1000
1000 640 40 1000 1000
1000 639 39 1000 1000
1000 638 38 1000 1000
1000 637 37 1000 1000
1000 636 36 1000 1000
1000 635 35 1000 1000
1000 634 34 1000 1000
1000 633 33 1000 1000
1000 632 32 1000 1000
1000 631 31 1000 1000
1000 630 30 1000 1000
1000 629 29 1000 1000
1000 628 28 1000 1000
1000 627 27 1000 1000
1000 626 26 1000 1000
1000 625 25 1000 1000
1000 624 24 1000 1000
1000 623 23 1000 1000
1000 622 22 1000 1000
1000 621 21 1000 1000
1000 620 20 1000 1000
1000 619 19 1000 1000
1000 618 18 1000 1000
1000 617 17 1000 1000
1000 616 16 1000 1000
1000 615 15 1000 1000
1000 614 14 1000 1000
1000 613 13 1000 1000
1000 612 12 1000 1000
1000 611 11 1000 1000
1000 610 10 1000 1000
1000 609 9 1000 1000
1000 608 8 1000 1000
1000 607 7 1000 1000
1000 606 6 1000 1000
1000 605 5 1000 1000
1000 604 4 1000 1000
1000 603 3 1000 1000
1000 602 2 1000 1000
1000 601 1 1000 1000
1000 600 0 1000 1000
1000 599 440 1000 1000
1000 598 439 1000 1000
1000 597 438 1000 1000
1000 596 437 1000 1000
1000 595 436 1000 1000
1000 594 435 1000 1000
1000 593 434 1000 1000
1000 592 433 1000 1000
1000 591 432 1000 1000
1000 590 431 1000 1000
1000 589 430 1000 1000
1000 588 429 1000 1000
1000 587 428 1000 1000
1000 586 427 1000 1000
1000 585 426 1000 1000
1000 584 425 1000 1000
1000 583 424 1000 1000
1000 582 423 1000 1000
1000 581 422 1000 1000
1000 580 421 1000 1000
1000 579 420 1000 1000
1000 578 419 1000 1000
1000 577 418 1000 1000
1000 576 417 1000 1000
1000 575 416 1000 1000
1000 574 415 1000 1000
1000 573 414 1000 1000
1000 572 413 1000 1000
1000 571 412 1000 1000
1000 570 411 1000 1000
1000 569 410 1000 1000
1000 568 409 1000 1000
1000 567 408 1000 1000
1000 566 407 1000 1000
1000 565 406 1000 1000
1000 564 405 1000 1000
1000 563 404 1000 1000
1000 562 403 1000 1000
1000 561 402 1000 1000
1000 560 401 1000 1000
1000 559 400 1000 1000
1000 558 399 1000 1000
1000 557 398 1000 1000
1000 556 397 1000 1000
1000 555 396 1000 1000
1000 554 395 1000 1000
1000 553 394 1000 1000
1000 552 393 1000 1000
1000 551 392 1000 1000
1000 550 391 1000 1000
1000 549 390 1000 1000
1000 548 389 1000 1000
1000 547 388 1000 1000
1000 546 387 1000 1000
1000 545 386 1000 1000
1000 544 385 1000 1000
1000 543 384 1000 1000
1000 542 383 1000 1000
1000 541 382 1000 1000
1000 540 381 1000 1000
1000 539 380 1000 1000
1000 538 379 1000 1000
1000 537 378 1000 1000
1000 536 377 1000 1000
1000 535 376 1000 1000
1000 534 375 1000 1000
1000 533 374 1000 1000
1000 532 373 1000 1000
1000 531 372 1000 1000
1000 530 371 1000 1000
1000 529 370 1000 1000
1000 528 369 1000 1000
1000 527 368 1000 1000
1000 526 367 1000 1000
1000 525 366 1000 1000
1000 524 365 1000 1000
1000 523 364 1000 1000
1000 522 363 1000 1000
1000 521 362 1000 1000
1000 520 361 1000 1000
1000 519 360 1000 1000
1000 518 359 1000 1000
1000 517 358 1000 1000
1000 516 357 1000 1000
1000 515 356 1000 1000
1000 514 355 1000 1000
1000 513 354 1000 1000
1000 512 353 1000 1000
1000 511 352 1000 1000
1000 510 351 1000 1000
1000 509 350 1000 1000
1000 508 349 1000 1000
1000 507 348 1000 1000
1000 506 347 1000 1000
1000 505 346 1000 1000
1000 504 345 1000 1000
1000 503 344 1000 1000
1000 502 343 1000 1000
1000 501 342 1000 1000
1000 500 341 1000 1000
1000 499 340 1000 1000
1000 498 339 1000 1000
1000 497 338 1000 1000
1000 496 337 1000 1000
1000 495 336 1000 1000
1000 494 335 1000 1000
1000 493 334 1000 1000
1000 492 333 1000 1000
1000 491 332 1000 1000
1000 490 331 1000 1000
1000 489 330 1000 1000
1000 488 329 1000 1000
1000 487 328 1000 1000
1000 486 327 1000 1000
1000 485 326 1000 1000
1000 484 325 1000 1000
1000 483 324 1000 1000
1000 482 323 1000 1000
1000 481 322 1000 1000
1000 480 321 1000 1000
1000 479 320 1000 1000
1000 478 319 1000 1000
1000 477 318 1000 1000
1000 476 317 1000 1000
1000 475 316 1000 1000
1000 474 315 1000 1000
1000 473 314 1000 1000
1000 472 313 1000 1000
1000 471 312 1000 1000
1000 470 311 1000 1000
1000 469 310 1000 1000
1000 468 309 1000 1000
1000 467 308 1000 1000
1000 466 307 1000 1000
1000 465 306 1000 1000
1000 464 305 1000 1000
1000 463 304 1000 1000
1000 462 303 1000 1000
1000 461 302 1000 1000
1000 460 301 1000 1000
1000 459 300 1000 1000
1000 458 299 1000 1000
1000 457 298 1000 1000
1000 456 297 1000 1000
1000 455 296 1000 1000
1000 454 295 1000 1000
1000 453 294 1000 1000
1000 452 293 1000 1000
1000 451 292 1000 1000
1000 450 291 1000 1000
1000 449 290 1000 1000
1000 448 289 1000 1000
1000 447 288 1000 1000
1000 446 287 1000 1000
1000 445 286 1000 1000
1000 444 285 1000 1000
1000 443 284 1000 1000
1000 442 283 1000 1000
1000 441 282 1000 1000
1000 440 281 1000 1000
1000 439 280 1000 1000
1000 438 279 1000 1000
1000 437 278 1000 1000
1000 436 277 1000 1000
1000 435 276 1000 1000
1000 434 275 1000 1000
1000 433 274 1000 1000
1000 432 273 1000 1000
1000 431 272 1000 1000
1000 430 271 1000 1000
1000 429 270 1000 1000
1000 428 269 1000 1000
1000 427 268 1000 1000
1000 426 267 1000 1000
1000 425 266 1000 1000
1000 424 265 1000 1000
1000 423 264 1000 1000
1000 422 263 1000 1000
1000 421 262 1000 1000
1000 420 261 1000 1000
1000 419 260 1000 1000
1000 418 259 1000 1000
1000 417 258 1000 1000
1000 416 257 1000 1000
1000 415 256 1000 1000
1000 414 255 1000 1000
1000 413 254 1000 1000
1000 412 253 1000 1000
1000 411 252 1000 1000
1000 410 251 1000 1000
1000 409 250 1000 1000
1000 408 249 1000 1000
1000 407 248 1000 1000
1000 406 247 1000 1000
1000 405 246 1000 1000
1000 404 245 1000 1000
1000 403 244 1000 1000
1000 402 243 1000 1000
1000 401 242 1000 1000
1000 400 241 1000 1000
1000 399 240 1000 1000
1000 398 239 1000 1000
1000 397 238 1000 1000
1000 396 237 1000 1000
1000 395 236 1000 1000
1000 394 235 1000 1000
1000 393 234 1000 1000
1000 392 233 1000 1000
1000 391 232 1000 1000
1000 390 231 1000 1000
1000 389 230 1000 1000
1000 388 229 1000 1000
1000 387 228 1000 1000
1000 386 227 1000 1000
1000 385 226 1000 1000
1000 384 225 1000 1000
1000 383 224 1000 1000
1000 382 223 1000 1000
1000 381 222 1000 1000
1000 380 221 1000 1000
1000 379 220 1000 1000
1000 378 219 1000 1000
1000 377 218 1000 1000
1000 376 217 1000 1000
1000 375 216 1000 1000
1000 374 215 1000 1000
1000 373 214 1000 1000
1000 372 213 1000 1000
1000 371 212 1000 1000
1000 370 211 1000 1000
1000 369 210 1000 1000
1000 368 209 1000 1000
1000 367 208 1000 1000
1000 366 207 1000 1000
1000 365 206 1000 1000
1000 364 205 1000 1000
1000 363 204 1000 1000
1000 362 203 1000 1000
1000 361 202 1000 1000
1000 360 201 1000 1000
1000 359 200 1000 1000
1000 358 199 1000 1000
1000 357 198 1000 1000
1000 356 197 1000 1000
1000 355 196 1000 1000
1000 354 195 1000 1000
1000 353 194 1000 1000
1000 352 193 1000 1000
1000 351 192 1000 1000
1000 350 191 1000 1000
1000 349 190 1000 1000
1000 348 189 1000 1000
1000 347 188 1000 1000
1000 346 187 1000 1000
1000 345 186 1000 1000
1000 344 185 1000 1000
1000 343 184 1000 1000
1000 342 183 1000 1000
1000 341 182 1000 1000
1000 340 181 1000 1000
1000 339 180 1000 1000
1000 338 179 1000 1000
1000 337 178 1000 1000
1000 336 177 1000 1000
1000 335 176 1000 1000
1000 334 175 1000 1000
1000 333 174 1000 1000
1000 332 173 1000 1000
1000 331 172 1000 1000
1000 330 171 1000 1000
1000 329 170 1000 1000
1000 328 169 1000 1000
1000 327 168 1000 1000
1000 326 167 1000 1000
1000 325 166 1000 1000
1000 324 165 1000 1000
1000 323 164 1000 1000
1000 322 163 1000 1000
1000 321 162 1000 1000
1000 320 161 1000 1000
1000 319 160 1000 1000
1000 318 159 1000 1000
1000 317 158 1000 1000
1000 316 157 1000 1000
1000 315 156 1000 1000
1000 314 155 1000 1000
1000 313 154 1000 1000
1000 312 153 1000 1000
1000 311 152 1000 1000
1000 310 151 1000 1000
1000 309 150 1000 1000
1000 308 149 1000 1000
1000 307 148 1000 1000
1000 306 147 1000 1000
1000 305 146 1000 1000
1000 304 145 1000 1000
1000 303 144 1000 1000
1000 302 143 1000 1000
1000 301 142 1000 1000
1000 300 141 1000 1000
1000 299 140 1000 1000
1000 298 139 1000 1000
1000 297 138 1000 1000
1000 296 137 1000 1000
1000 295 136 1000 1000
1000 294 135 1000 1000
1000 293 134 1000 1000
1000 292 133 1000 1000
1000 291 132 1000 1000
1000 290 131 1000 1000
1000 289 130 1000 1000
1000 288 129 1000 1000
1000 287 128 1000 1000
1000 286 127 1000 1000
1000 285 126 1000 1000
1000 284 125 1000 1000
1000 283 124 1000 1000
1000 282 123 1000 1000
1000 281 122 1000 1000
1000 280 121 1000 1000
1000 279 120 1000 1000
1000 278 119 1000 1000
1000 277 118 1000 1000
1000 276 117 1000 1000
1000 275 116 1000 1000
1000 274 115 1000 1000
1000 273 114 1000 1000
1000 272 113 1000 1000
1000 271 112 1000 1000
1000 270 111 1000 1000
1000 269 110 1000 1000
1000 268 109 1000 1000
1000 267 108 1000 1000
1000 266 107 1000 1000
1000 265 106 1000 1000
1000 264 105 1000 1000
1000 263 104 1000 1000
1000 262 103 1000 1000
1000 261 102 1000 1000
1000 260 101 1000 1000
1000 259 100 1000 1000
1000 258 99 1000 1000
1000 257 98 1000 1000
1000 256 97 1000 1000
1000 255 96 1000 1000
1000 254 95 1000 1000
1000 253 94 1000 1000
1000 252 93 1000 1000
1000 251 92 1000 1000
1000 250 91 1000 1000
1000 249 90 1000 1000
1000 248 89 1000 1000
1000 247 88 1000 1000
1000 246 87 1000 1000
1000 245 86 1000 1000
1000 244 85 1000 1000
1000 243 84 1000 1000
1000 242 83 1000 1000
1000 241 82 1000 1000
1000 240 81 1000 1000
1000 239 80 1000 1000
1000 238 79 1000 1000
1000 237 78 1000 1000
1000 236 77 1000 1000
1000 235 76 1000 1000
1000 234 75 1000 1000
1000 233 74 1000 1000
1000 232 73 1000 1000
1000 231 72 1000 1000
1000 230 71 1000 1000
1000 229 70 1000 1000
1000 228 69 1000 1000
1000 227 68 1000 1000
1000 226 67 1000 1000
1000 225 66 1000 1000
1000 224 65 1000 1000
1000 223 64 1000 1000
1000 222 63 1000 1000
1000 221 62 1000 1000
1000 220 61 1000 1000
1000 219 60 1000 1000
1000 218 59 1000 1000
1000 217 58 1000 1000
1000 216 57 1000 1000
1000 215 56 1000 1000
1000 214 55 1000 1000
1000 213 54 1000 1000
1000 212 53 1000 1000
1000 211 52 1000 1000
1000 210 51 1000 1000
1000 209 50 1000 1000
1000 208 49 1000 1000
1000 207 48 1000 1000
1000 206 47 1000 1000
1000 205 46 1000 1000
1000 204 45 1000 1000
1000 203 44 1000 1000
1000 202 43 1000 1000
1000 201 42 1000 1000
1000 200 41 1000 1000
1000 199 40 1000 1000
1000 198 39 1000 1000
1000 197 38 1000 1000
1000 196 37 1000 1000
1000 195 36 1000 1000
1000 194 35 1000 1000
1000 193 34 1000 1000
1000 192 33 1000 1000
1000 191 32 1000 1000
1000 190 31 1000 1000
1000 189 30 1000 1000
1000 188 29 1000 1000
1000 187 28 1000 1000
1000 186 27 1000 1000
1000 185 26 1000 1000
1000 184 25 1000 1000
1000 183 24 1000 1000
1000 182 23 1000 1000
1000 181 22 1000 1000
1000 180 21 1000 1000
1000 179 20 1000 1000
1000 178 19 1000 1000
1000 177 18 1000 1000
1000 176 17 1000 1000
1000 175 16 1000 1000
1000 174 15 1000 1000
1000 173 14 1000 1000
1000 172 13 1000 1000
1000 171 12 1000 1000
1000 170 11 1000 1000
1000 169 10 1000 1000
1000 168 9 1000 1000
1000 167 8 1000 1000
1000 166 7 1000 1000
1000 165 6 1000 1000
1000 164 5 1000 1000
1000 163 4 1000 1000
1000 162 3 1000 1000
1000 161 2 1000 1000
1000 160 1 1000 1000
1000 159 0 1000 1000
1000 158 1000 1000 1000
1000 157 1000 1000 1000
1000 156 1000 1000 1000
1000 155 1000 1000 1000
1000 154 1000 1000 1000
1000 153 1000 1000 1000
1000 152 1000 1000 1000
1000 151 1000 1000 1000
1000 150 1000 1000 1000
1000 149 1000 1000 1000
1000 148 1000 1000 1000
1000 147 1000 1000 1000
1000 146 1000 1000 1000
1000 145 1000 1000 1000
1000 144 1000 1000 1000
1000 143 1000 1000 1000
1000 142 1000 1000 1000
1000 141 1000 1000 1000
1000 140 1000 1000 1000
1000 139 1000 1000 1000
1000 138 1000 1000 1000
1000 137 1000 1000 1000
1000 136 1000 1000 1000
1000 135 1000 1000 1000
1000 134 1000 1000 1000
1000 133 1000 1000 1000
1000 132 1000 1000 1000
1000 131 1000 1000 1000
1000 130 1000 1000 1000
1000 129 1000 1000 1000
1000 128 1000 1000 1000
1000 127 1000 1000 1000
1000 126 1000 1000 1000
1000 125 1000 1000 1000
1000 124 1000 1000 1000
1000 123 1000 1000 1000
1000 122 1000 1000 1000
1000 121 1000 1000 1000
1000 120 1000 1000 1000
1000 119 1000 1000 1000
1000 118 1000 1000 1000
1000 117 1000 1000 1000
1000 116 1000 1000 1000
1000 115 1000 1000 1000
1000 114 1000 1000 1000
1000 113 1000 1000 1000
1000 112 1000 1000 1000
1000 111 1000 1000 1000
1000 110 1000 1000 1000
1000 109 1000 1000 1000
1000 108 1000 1000 1000
1000 107 1000 1000 1000
1000 106 1000 1000 1000
1000 105 1000 1000 1000
1000 104 1000 1000 1000
1000 103 1000 1000 1000
1000 102 1000 1000 1000
1000 101 1000 1000 1000
1000 100 1000 1000 1000
1000 99 1000 1000 1000
1000 98 1000 1000 1000
1000 97 1000 1000 1000
1000 96 1000 1000 1000
1000 95 1000 1000 1000
1000 94 1000 1000 1000
1000 93 1000 1000 1000
1000 92 1000 1000 1000
1000 91 1000 1000 1000
1000 90 1000 1000 1000
1000 89 1000 1000 1000
1000 88 1000 1000 1000
1000 87 1000 1000 1000
1000 86 1000 1000 1000
1000 85 1000 1000 1000
1000 84 1000 1000 1000
1000 83 1000 1000 1000
1000 82 1000 1000 1000
1000 81 1000 1000 1000
1000 80 1000 1000 1000
1000 79 1000 1000 1000
1000 78 1000 1000 1000
1000 77 1000 1000 1000
1000 76 1000 1000 1000
1000 75 1000 1000 1000
1000 74 1000 1000 1000
1000 73 1000 1000 1000
1000 72 1000 1000 1000
1000 71 1000 1000 1000
1000 70 1000 1000 1000
1000 69 1000 1000 1000
1000 68 1000 1000 1000
1000 67 1000 1000 1000
1000 66 1000 1000 1000
1000 65 1000 1000 1000
1000 64 1000 1000 1000
1000 63 1000 1000 1000
1000 62 1000 1000 1000
1000 61 1000 1000 1000
1000 60 1000 1000 1000
1000 59 1000 1000 1000
1000 58 1000 1000 1000
1000 57 1000 1000 1000
1000 56 1000 1000 1000
1000 55 1000 1000 1000
1000 54 1000 1000 1000
1000 53 1000 1000 1000
1000 52 1000 1000 1000
1000 51 1000 1000 1000
1000 50 1000 1000 1000
1000 49 1000 1000 1000
1000 48 1000 1000 1000
1000 47 1000 1000 1000
1000 46 1000 1000 1000
1000 45 1000 1000 1000
1000 44 1000 1000 1000
1000 43 1000 1000 1000
1000 42 1000 1000 1000
1000 41 1000 1000 1000
1000 40 1000 1000 1000
1000 39 1000 1000 1000
1000 38 1000 1000 1000
1000 37 1000 1000 1000
1000 36 1000 1000 1000
1000 35 1000 1000 1000
1000 34 1000 1000 1000
1000 33 1000 1000 1000
1000 32 1000 1000 1000
1000 31 1000 1000 1000
1000 30 1000 1000 1000
1000 29 1000 1000 1000
1000 28 1000 1000 1000
1000 27 1000 1000 1000
1000 26 1000 1000 1000
1000 25 1000 1000 1000
1000 24 1000 1000 1000
1000 23 1000 1000 1000
1000 22 1000 1000 1000
1000 21 1000 1000 1000
1000 20 1000 1000 1000
1000 19 1000 1000 1000
1000 18 1000 1000 1000
1000 17 1000 1000 1000
1000 16 1000 1000 1000
1000 15 1000 1000 1000
1000 14 1000 1000 1000
1000 13 1000 1000 1000
1000 12 1000 1000 1000
1000 11 1000 1000 1000
1000 10 1000 1000 1000
1000 9 1000 1000 1000
1000 8 1000 1000 1000
1000 7 1000 1000 1000
1000 6 1000 1000 1000
1000 5 1000 1000 1000
1000 4 1000 1000 1000
1000 3 1000 1000 1000
1000 2 1000 1000 1000
1000 1 1000 1000 1000
1000 0 1000 1000 1000
1000 1000 1000 1000 1000
1000 1000 1000 1000 1000
1000 1000 1000 1000 1000
1000 1000 1000 1000 1000
1000 1000 1000 1000 1000
1000 1000 1000 1000 1000
1000 1000 1000 1000 1000
1000 1000 1000 1000 1000
1000 1000 1000 1000 1000
1000 1000 1000 1000 1000
1000 1000 1000 1000 1000
1000 1000 1000 1000 1000
1000 1000 1000 1000 1000
1000 1000 1000 1000 1000
1000 1000 1000 1000 1000
1000 1000 1000 1000 1000
1000 1000 1000 1000 1000
1000 1000 1000 1000 1000
1000 1000 1000 1000 1000
1000 1000 1000 1000 1000
1000 1000 1000 1000 1000
1000 1000 1000 1000 1000
1000 1000 1000 1000 1000
1000 1000 1000 1000 1000
1000 1000 1000 1000 1000
1000 1000 1000 1000 1000
1000 1000 1000 1000 1000
1000 1000 1000 1000 1000
1000 1000 1000 1000 1000
1000 1000 1000 1000 1000
1000 1000 1000 1000 1000
1000 1000 1000 1000 1000
1000 1000 1000 1000 1000
1000 1000 1000 1000 1000
1000 1000 1000 1000 1000
1000 1000 1000 1000 1000
1000 1000 1000 1000 1000
1000 1000 1000 1000 1000
1000 1000 1000 1000 1000
1000 1000 1000 1000 1000
1000 1000 1000 1000 1000
1000 1000 1000 1000 1000
1000 1000 1000 1000 1000
1000 1000 1000 1000 1000
1000 1000 1000 1000 1000
1000 1000 1000 1000 1000
1000 1000 1000 1000 1000
1000 1000 1000 1000 1000
1000 1000 1000 1000 1000
1000 1000 1000 1000 1000
1000 1000 1000 1000 1000
1000 1000 1000 1000 1000
1000 1000 1000 1000 1000
1000 1000 1000 1000 1000
1000 1000 1000 1000 1000
1000 1000 1000 1000 1000
1000 1000 1000 1000 1000
1000 1000 1000 1000 1000
1000 1000 1000 1000 1000
1000 1000 1000 1000 1000
1000 1000 1000 1000 1000
1000 1000 1000 1000 1000
1000 1000 1000 1000 1000
1000 1000 1000 1000 1000
1000 1000 1000 1000 1000
1000 1000 1000 1000 1000
1000 1000 1000 1000 1000
1000 1000 1000 1000 1000
1000 1000 1000 1000 1000
1000 1000 1000 1000 1000
1000 1000 1000 1000 1000
1000 1000 1000 1000 1000
1000 1000 1000 1000 1000
1000 1000 1000 1000 1000
1000 1000 1000 1000 1000
1000 1000 1000 1000 1000
1000 1000 1000 1000 1000
1000 1000 1000 1000 1000
1000 1000 1000 1000 1000
1000 1000 1000 1000 1000
1000 1000 1000 1000 1000
1000 1000 1000 1000 1000
1000 1000 1000 1000 1000
1000 1000 1000 1000 1000
1000 1000 1000 1000 1000
1000 1000 1000 1000 1000
1000 1000 1000 1000 1000
1000 1000 1000 1000 1000
1000 1000 1000 1000 1000
1000 1000 1000 1000 1000
1000 1000 1000 1000 1000
1000 1000 1000 1000 1000
1000 1000 1000 1000 1000
1000 1000 1000 1000 1000
1000 1000 1000 1000 1000
1000 1000 1000 1000 1000
1000 1000 1000 1000 1000
1000 1000 1000 1000 1000
1000 1000 1000 1000 1000
1000 1000 1000 1000 1000
