519 549 698 1000 1000
518 548 697 1000 1000
517 547 696 1000 1000
516 546 695 1000 1000
515 545 694 1000 1000
514 544 693 1000 1000
513 543 692 1000 1000
512 542 691 1000 1000
511 541 690 1000 1000
510 540 689 1000 1000
509 539 688 1000 1000
508 538 687 1000 1000
507 537 686 1000 1000
506 536 685 1000 1000
505 535 684 1000 1000
504 534 683 1000 1000
503 533 682 1000 1000
502 532 681 1000 1000
501 531 680 1000 1000
500 530 679 1000 1000
499 529 678 1000 1000
498 528 677 1000 1000
497 527 676 1000 1000
496 526 675 1000 1000
495 525 674 1000 1000
494 524 673 1000 1000
493 523 672 1000 1000
492 522 671 1000 1000
491 521 670 1000 1000
490 520 669 1000 1000
489 519 668 1000 1000
488 518 667 1000 1000
487 517 666 1000 1000
486 516 665 1000 1000
485 515 664 1000 1000
484 514 663 1000 1000
483 513 662 1000 1000
482 512 661 1000 1000
481 511 660 1000 1000
480 510 659 1000 1000
479 509 658 1000 1000
478 508 657 1000 1000
477 507 656 1000 1000
476 506 655 1000 1000
475 505 654 1000 1000
474 504 653 1000 1000
473 503 652 1000 1000
472 502 651 1000 1000
471 501 650 1000 1000
470 500 649 1000 1000
469 499 648 1000 1000
468 498 647 1000 1000
467 497 646 1000 1000
466 496 645 1000 1000
465 495 644 1000 1000
464 494 643 1000 1000
463 493 642 1000 1000
462 492 641 1000 1000
461 491 640 1000 1000
460 490 639 1000 1000
459 489 638 1000 1000
458 488 637 1000 1000
457 487 636 1000 1000
456 486 635 1000 1000
455 485 634 1000 1000
454 484 633 1000 1000
453 483 632 1000 1000
452 482 631 1000 1000
451 481 630 1000 1000
450 480 629 1000 1000
449 479 628 1000 1000
448 478 627 1000 1000
447 477 626 1000 1000
446 476 625 1000 1000
445 475 624 1000 1000
444 474 623 1000 1000
443 473 622 1000 1000
442 472 621 1000 1000
441 471 620 1000 1000
440 470 619 1000 1000
439 469 618 1000 1000
438 468 617 1000 1000
437 467 616 1000 1000
436 466 615 1000 1000
435 465 614 1000 1000
434 464 613 1000 1000
433 463 612 1000 1000
432 462 611 1000 1000
431 461 610 1000 1000
430 460 609 1000 1000
429 459 608 1000 1000
428 458 607 1000 1000
427 457 606 1000 1000
426 456 605 1000 1000
425 455 604 1000 1000
424 454 603 1000 1000
423 453 602 1000 1000
422 452 601 1000 1000
421 451 600 1000 1000
420 450 599 1000 1000
419 449 598 1000 1000
418 448 597 1000 1000
417 447 596 1000 1000
416 446 595 1000 1000
415 445 594 1000 1000
414 444 593 1000 1000
413 443 592 1000 1000
412 442 591 1000 1000
411 441 590 1000 1000
410 440 589 1000 1000
409 439 588 1000 1000
408 438 587 1000 1000
407 437 586 1000 1000
406 436 585 1000 1000
405 435 584 1000 1000
404 434 583 1000 1000
403 433 582 1000 1000
402 432 581 1000 1000
401 431 580 1000 1000
400 430 579 1000 1000
399 429 578 1000 1000
398 428 577 1000 1000
397 427 576 1000 1000
396 426 575 1000 1000
395 425 574 1000 1000
394 424 573 1000 1000
393 423 572 1000 1000
392 422 571 1000 1000
391 421 570 1000 1000
390 420 569 1000 1000
389 419 568 1000 1000
388 418 567 1000 1000
387 417 566 1000 1000
386 416 565 1000 1000
385 415 564 1000 1000
384 414 563 1000 1000
383 413 562 1000 1000
382 412 561 1000 1000
381 411 560 1000 1000
380 410 559 1000 1000
379 409 558 1000 1000
378 408 557 1000 1000
377 407 556 1000 1000
376 406 555 1000 1000
375 405 554 1000 1000
374 404 553 1000 1000
373 403 552 1000 1000
372 402 551 1000 1000
371 401 550 1000 1000
370 400 549 1000 1000
369 399 548 1000 1000
368 398 547 1000 1000
367 397 546 1000 1000
366 396 545 1000 1000
365 395 544 1000 1000
364 394 543 1000 1000
363 393 542 1000 1000
362 392 541 1000 1000
361 391 540 1000 1000
360 390 539 1000 1000
359 389 538 1000 1000
358 388 537 1000 1000
357 387 536 1000 1000
356 386 535 1000 1000
355 385 534 1000 1000
354 384 533 1000 1000
353 383 532 1000 1000
352 382 531 1000 1000
351 381 530 1000 1000
350 380 529 1000 1000
349 379 528 1000 1000
348 378 527 1000 1000
347 377 526 1000 1000
346 376 525 1000 1000
345 375 524 1000 1000
344 374 523 1000 1000
343 373 522 1000 1000
342 372 521 1000 1000
341 371 520 1000 1000
340 370 519 1000 1000
339 369 518 1000 1000
338 368 517 1000 1000
337 367 516 1000 1000
336 366 515 1000 1000
335 365 514 1000 1000
334 364 513 1000 1000
333 363 512 1000 1000
332 362 511 1000 1000
331 361 510 1000 1000
330 360 509 1000 1000
329 359 508 1000 1000
328 358 507 1000 1000
327 357 506 1000 1000
326 356 505 1000 1000
325 355 504 1000 1000
324 354 503 1000 1000
323 353 502 1000 1000
322 352 501 1000 1000
321 351 500 1000 1000
320 350 499 1000 1000
319 349 498 1000 1000
318 348 497 1000 1000
317 347 496 1000 1000
316 346 495 1000 1000
315 345 494 1000 1000
314 344 493 1000 1000
313 343 492 1000 1000
312 342 491 1000 1000
311 341 490 1000 1000
310 340 489 1000 1000
309 339 488 1000 1000
308 338 487 1000 1000
307 337 486 1000 1000
306 336 485 1000 1000
305 335 484 1000 1000
304 334 483 1000 1000
303 333 482 1000 1000
302 332 481 1000 1000
301 331 480 1000 1000
300 330 479 1000 1000
299 329 478 1000 1000
298 328 477 1000 1000
297 327 476 1000 1000
296 326 475 1000 1000
295 325 474 1000 1000
294 324 473 1000 1000
293 323 472 1000 1000
292 322 471 1000 1000
291 321 470 1000 1000
290 320 469 1000 1000
289 319 468 1000 1000
288 318 467 1000 1000
287 317 466 1000 1000
286 316 465 1000 1000
285 315 464 1000 1000
284 314 463 1000 1000
283 313 462 1000 1000
282 312 461 1000 1000
281 311 460 1000 1000
280 310 459 1000 1000
279 309 458 1000 1000
278 308 457 1000 1000
277 307 456 1000 1000
276 306 455 1000 1000
275 305 454 1000 1000
274 304 453 1000 1000
273 303 452 1000 1000
272 302 451 1000 1000
271 301 450 1000 1000
270 300 449 1000 1000
269 299 448 1000 1000
268 298 447 1000 1000
267 297 446 1000 1000
266 296 445 1000 1000
265 295 444 1000 1000
264 294 443 1000 1000
263 293 442 1000 1000
262 292 441 1000 1000
261 291 440 1000 1000
260 290 439 1000 1000
259 289 438 1000 1000
258 288 437 1000 1000
257 287 436 1000 1000
256 286 435 1000 1000
255 285 434 1000 1000
254 284 433 1000 1000
253 283 432 1000 1000
252 282 431 1000 1000
251 281 430 1000 1000
250 280 429 1000 1000
249 279 428 1000 1000
248 278 427 1000 1000
247 277 426 1000 1000
246 276 425 1000 1000
245 275 424 1000 1000
244 274 423 1000 1000
243 273 422 1000 1000
242 272 421 1000 1000
241 271 420 1000 1000
240 270 419 1000 1000
239 269 418 1000 1000
238 268 417 1000 1000
237 267 416 1000 1000
236 266 415 1000 1000
235 265 414 1000 1000
234 264 413 1000 1000
233 263 412 1000 1000
232 262 411 1000 1000
231 261 410 1000 1000
230 260 409 1000 1000
229 259 408 1000 1000
228 258 407 1000 1000
227 257 406 1000 1000
226 256 405 1000 1000
225 255 404 1000 1000
224 254 403 1000 1000
223 253 402 1000 1000
222 252 401 1000 1000
221 251 400 1000 1000
220 250 399 1000 1000
219 249 398 1000 1000
218 248 397 1000 1000
217 247 396 1000 1000
216 246 395 1000 1000
215 245 394 1000 1000
214 244 393 1000 1000
213 243 392 1000 1000
212 242 391 1000 1000
211 241 390 1000 1000
210 240 389 1000 1000
209 239 388 1000 1000
208 238 387 1000 1000
207 237 386 1000 1000
206 236 385 1000 1000
205 235 384 1000 1000
204 234 383 1000 1000
203 233 382 1000 1000
202 232 381 1000 1000
201 231 380 1000 1000
200 230 379 1000 1000
199 229 378 1000 1000
198 228 377 1000 1000
197 227 376 1000 1000
196 226 375 1000 1000
195 225 374 1000 1000
194 224 373 1000 1000
193 223 372 1000 1000
192 222 371 1000 1000
191 221 370 1000 1000
190 220 369 1000 1000
189 219 368 1000 1000
188 218 367 1000 1000
187 217 366 1000 1000
186 216 365 1000 1000
185 215 364 1000 1000
184 214 363 1000 1000
183 213 362 1000 1000
182 212 361 1000 1000
181 211 360 1000 1000
180 210 359 1000 1000
179 209 358 1000 1000
178 208 357 1000 1000
177 207 356 1000 1000
176 206 355 1000 1000
175 205 354 1000 1000
174 204 353 1000 1000
173 203 352 1000 1000
172 202 351 1000 1000
171 201 350 1000 1000
170 200 349 1000 1000
169 199 348 1000 1000
168 198 347 1000 1000
167 197 346 1000 1000
166 196 345 1000 1000
165 195 344 1000 1000
164 194 343 1000 1000
163 193 342 1000 1000
162 192 341 1000 1000
161 191 340 1000 1000
160 190 339 1000 1000
159 189 338 1000 1000
158 188 337 1000 1000
157 187 336 1000 1000
156 186 335 1000 1000
155 185 334 1000 1000
154 184 333 1000 1000
153 183 332 1000 1000
152 182 331 1000 1000
151 181 330 1000 1000
150 180 329 1000 1000
149 179 328 1000 1000
148 178 327 1000 1000
147 177 326 1000 1000
146 176 325 1000 1000
145 175 324 1000 1000
144 174 323 1000 1000
143 173 322 1000 1000
142 172 321 1000 1000
141 171 320 1000 1000
140 170 319 1000 1000
139 169 318 1000 1000
138 168 317 1000 1000
137 167 316 1000 1000
136 166 315 1000 1000
135 165 314 1000 1000
134 164 313 1000 1000
133 163 312 1000 1000
132 162 311 1000 1000
131 161 310 1000 1000
130 160 309 1000 1000
129 159 308 1000 1000
128 158 307 1000 1000
127 157 306 1000 1000
126 156 305 1000 1000
125 155 304 1000 1000
124 154 303 1000 1000
123 153 302 1000 1000
122 152 301 1000 1000
121 151 300 1000 1000
120 150 299 1000 1000
119 149 298 1000 1000
118 148 297 1000 1000
117 147 296 1000 1000
116 146 295 1000 1000
115 145 294 1000 1000
114 144 293 1000 1000
113 143 292 1000 1000
112 142 291 1000 1000
111 141 290 1000 1000
110 140 289 1000 1000
109 139 288 1000 1000
108 138 287 1000 1000
107 137 286 1000 1000
106 136 285 1000 1000
105 135 284 1000 1000
104 134 283 1000 1000
103 133 282 1000 1000
102 132 281 1000 1000
101 131 280 1000 1000
100 130 279 1000 1000
99 129 278 1000 1000
98 128 277 1000 1000
97 127 276 1000 1000
96 126 275 1000 1000
95 125 274 1000 1000
94 124 273 1000 1000
93 123 272 1000 1000
92 122 271 1000 1000
91 121 270 1000 1000
90 120 269 1000 1000
89 119 268 1000 1000
88 118 267 1000 1000
87 117 266 1000 1000
86 116 265 1000 1000
85 115 264 1000 1000
84 114 263 1000 1000
83 113 262 1000 1000
82 112 261 1000 1000
81 111 260 1000 1000
80 110 259 1000 1000
79 109 258 1000 1000
78 108 257 1000 1000
77 107 256 1000 1000
76 106 255 1000 1000
75 105 254 1000 1000
74 104 253 1000 1000
73 103 252 1000 1000
72 102 251 1000 1000
71 101 250 1000 1000
70 100 249 1000 1000
69 99 248 1000 1000
68 98 247 1000 1000
67 97 246 1000 1000
66 96 245 1000 1000
65 95 244 1000 1000
64 94 243 1000 1000
63 93 242 1000 1000
62 92 241 1000 1000
61 91 240 1000 1000
60 90 239 1000 1000
59 89 238 1000 1000
58 88 237 1000 1000
57 87 236 1000 1000
56 86 235 1000 1000
55 85 234 1000 1000
54 84 233 1000 1000
53 83 232 1000 1000
52 82 231 1000 1000
51 81 230 1000 1000
50 80 229 1000 1000
49 79 228 1000 1000
48 78 227 1000 1000
47 77 226 1000 1000
46 76 225 1000 1000
45 75 224 1000 1000
44 74 223 1000 1000
43 73 222 1000 1000
42 72 221 1000 1000
41 71 220 1000 1000
40 70 219 1000 1000
39 69 218 1000 1000
38 68 217 1000 1000
37 67 216 1000 1000
36 66 215 1000 1000
35 65 214 1000 1000
34 64 213 1000 1000
33 63 212 1000 1000
32 62 211 1000 1000
31 61 210 1000 1000
30 60 209 1000 1000
29 59 208 1000 1000
28 58 207 1000 1000
27 57 206 1000 1000
26 56 205 1000 1000
25 55 204 1000 1000
24 54 203 1000 1000
23 53 202 1000 1000
22 52 201 1000 1000
21 51 200 1000 1000
20 50 199 1000 1000
19 49 198 1000 1000
18 48 197 1000 1000
17 47 196 1000 1000
16 46 195 1000 1000
15 45 194 1000 1000
14 44 193 1000 1000
13 43 192 1000 1000
12 42 191 1000 1000
11 41 190 1000 1000
10 40 189 1000 1000
9 39 188 1000 1000
8 38 187 1000 1000
7 37 186 1000 1000
6 36 185 1000 1000
5 35 184 1000 1000
4 34 183 1000 1000
3 33 182 1000 1000
2 32 181 1000 1000
1 31 180 1000 1000
0 30 179 1000 1000
2149 29 178 1000 1000
2148 28 177 1000 1000
2147 27 176 1000 1000
2146 26 175 1000 1000
2145 25 174 1000 1000
2144 24 173 1000 1000
2143 23 172 1000 1000
2142 22 171 1000 1000
2141 21 170 1000 1000
2140 20 169 1000 1000
2139 19 168 1000 1000
2138 18 167 1000 1000
2137 17 166 1000 1000
2136 16 165 1000 1000
2135 15 164 1000 1000
2134 14 163 1000 1000
2133 13 162 1000 1000
2132 12 161 1000 1000
2131 11 160 1000 1000
2130 10 159 1000 1000
2129 9 158 1000 1000
2128 8 157 1000 1000
2127 7 156 1000 1000
2126 6 155 1000 1000
2125 5 154 1000 1000
2124 4 153 1000 1000
2123 3 152 1000 1000
2122 2 151 1000 1000
2121 1 150 1000 1000
2120 0 149 1000 1000
2119 219 148 1000 1000
2118 218 147 1000 1000
2117 217 146 1000 1000
2116 216 145 1000 1000
2115 215 144 1000 1000
2114 214 143 1000 1000
2113 213 142 1000 1000
2112 212 141 1000 1000
2111 211 140 1000 1000
2110 210 139 1000 1000
2109 209 138 1000 1000
2108 208 137 1000 1000
2107 207 136 1000 1000
2106 206 135 1000 1000
2105 205 134 1000 1000
2104 204 133 1000 1000
2103 203 132 1000 1000
2102 202 131 1000 1000
2101 201 130 1000 1000
2100 200 129 1000 1000
2099 199 128 1000 1000
2098 198 127 1000 1000
2097 197 126 1000 1000
2096 196 125 1000 1000
2095 195 124 1000 1000
2094 194 123 1000 1000
2093 193 122 1000 1000
2092 192 121 1000 1000
2091 191 120 1000 1000
2090 190 119 1000 1000
2089 189 118 1000 1000
2088 188 117 1000 1000
2087 187 116 1000 1000
2086 186 115 1000 1000
2085 185 114 1000 1000
2084 184 113 1000 1000
2083 183 112 1000 1000
2082 182 111 1000 1000
2081 181 110 1000 1000
2080 180 109 1000 1000
2079 179 108 1000 1000
2078 178 107 1000 1000
2077 177 106 1000 1000
2076 176 105 1000 1000
2075 175 104 1000 1000
2074 174 103 1000 1000
2073 173 102 1000 1000
2072 172 101 1000 1000
2071 171 100 1000 1000
2070 170 99 1000 1000
2069 169 98 1000 1000
2068 168 97 1000 1000
2067 167 96 1000 1000
2066 166 95 1000 1000
2065 165 94 1000 1000
2064 164 93 1000 1000
2063 163 92 1000 1000
2062 162 91 1000 1000
2061 161 90 1000 1000
2060 160 89 1000 1000
2059 159 88 1000 1000
2058 158 87 1000 1000
2057 157 86 1000 1000
2056 156 85 1000 1000
2055 155 84 1000 1000
2054 154 83 1000 1000
2053 153 82 1000 1000
2052 152 81 1000 1000
2051 151 80 1000 1000
2050 150 79 1000 1000
2049 149 78 1000 1000
2048 148 77 1000 1000
2047 147 76 1000 1000
2046 146 75 1000 1000
2045 145 74 1000 1000
2044 144 73 1000 1000
2043 143 72 1000 1000
2042 142 71 1000 1000
2041 141 70 1000 1000
2040 140 69 1000 1000
2039 139 68 1000 1000
2038 138 67 1000 1000
2037 137 66 1000 1000
2036 136 65 1000 1000
2035 135 64 1000 1000
2034 134 63 1000 1000
2033 133 62 1000 1000
2032 132 61 1000 1000
2031 131 60 1000 1000
2030 130 59 1000 1000
2029 129 58 1000 1000
2028 128 57 1000 1000
2027 127 56 1000 1000
2026 126 55 1000 1000
2025 125 54 1000 1000
2024 124 53 1000 1000
2023 123 52 1000 1000
2022 122 51 1000 1000
2021 121 50 1000 1000
2020 120 49 1000 1000
2019 119 48 1000 1000
2018 118 47 1000 1000
2017 117 46 1000 1000
2016 116 45 1000 1000
2015 115 44 1000 1000
2014 114 43 1000 1000
2013 113 42 1000 1000
2012 112 41 1000 1000
2011 111 40 1000 1000
2010 110 39 1000 1000
2009 109 38 1000 1000
2008 108 37 1000 1000
2007 107 36 1000 1000
2006 106 35 1000 1000
2005 105 34 1000 1000
2004 104 33 1000 1000
2003 103 32 1000 1000
2002 102 31 1000 1000
2001 101 30 1000 1000
2000 100 29 1000 1000
1999 99 28 1000 1000
1998 98 27 1000 1000
1997 97 26 1000 1000
1996 96 25 1000 1000
1995 95 24 1000 1000
1994 94 23 1000 1000
1993 93 22 1000 1000
1992 92 21 1000 1000
1991 91 20 1000 1000
1990 90 19 1000 1000
1989 89 18 1000 1000
1988 88 17 1000 1000
1987 87 16 1000 1000
1986 86 15 1000 1000
1985 85 14 1000 1000
1984 84 13 1000 1000
1983 83 12 1000 1000
1982 82 11 1000 1000
1981 81 10 1000 1000
1980 80 9 1000 1000
1979 79 8 1000 1000
1978 78 7 1000 1000
1977 77 6 1000 1000
1976 76 5 1000 1000
1975 75 4 1000 1000
1974 74 3 1000 1000
1973 73 2 1000 1000
1972 72 1 1000 1000
1971 71 0 1000 1000
1970 70 1790 1000 1000
1969 69 1789 1000 1000
1968 68 1788 1000 1000
1967 67 1787 1000 1000
1966 66 1786 1000 1000
1965 65 1785 1000 1000
1964 64 1784 1000 1000
1963 63 1783 1000 1000
1962 62 1782 1000 1000
1961 61 1781 1000 1000
1960 60 1780 1000 1000
1959 59 1779 1000 1000
1958 58 1778 1000 1000
1957 57 1777 1000 1000
1956 56 1776 1000 1000
1955 55 1775 1000 1000
1954 54 1774 1000 1000
1953 53 1773 1000 1000
1952 52 1772 1000 1000
1951 51 1771 1000 1000
1950 50 1770 1000 1000
1949 49 1769 1000 1000
1948 48 1768 1000 1000
1947 47 1767 1000 1000
1946 46 1766 1000 1000
1945 45 1765 1000 1000
1944 44 1764 1000 1000
1943 43 1763 1000 1000
1942 42 1762 1000 1000
1941 41 1761 1000 1000
1940 40 1760 1000 1000
1939 39 1759 1000 1000
1938 38 1758 1000 1000
1937 37 1757 1000 1000
1936 36 1756 1000 1000
1935 35 1755 1000 1000
1934 34 1754 1000 1000
1933 33 1753 1000 1000
1932 32 1752 1000 1000
1931 31 1751 1000 1000
1930 30 1750 1000 1000
1929 29 1749 1000 1000
1928 28 1748 1000 1000
1927 27 1747 1000 1000
1926 26 1746 1000 1000
1925 25 1745 1000 1000
1924 24 1744 1000 1000
1923 23 1743 1000 1000
1922 22 1742 1000 1000
1921 21 1741 1000 1000
1920 20 1740 1000 1000
1919 19 1739 1000 1000
1918 18 1738 1000 1000
1917 17 1737 1000 1000
1916 16 1736 1000 1000
1915 15 1735 1000 1000
1914 14 1734 1000 1000
1913 13 1733 1000 1000
1912 12 1732 1000 1000
1911 11 1731 1000 1000
1910 10 1730 1000 1000
1909 9 1729 1000 1000
1908 8 1728 1000 1000
1907 7 1727 1000 1000
1906 6 1726 1000 1000
1905 5 1725 1000 1000
1904 4 1724 1000 1000
1903 3 1723 1000 1000
1902 2 1722 1000 1000
1901 1 1721 1000 1000
1900 0 1720 1000 1000
1899 1529 1719 1000 1000
1898 1528 1718 1000 1000
1897 1527 1717 1000 1000
1896 1526 1716 1000 1000
1895 1525 1715 1000 1000
1894 1524 1714 1000 1000
1893 1523 1713 1000 1000
1892 1522 1712 1000 1000
1891 1521 1711 1000 1000
1890 1520 1710 1000 1000
1889 1519 1709 1000 1000
1888 1518 1708 1000 1000
1887 1517 1707 1000 1000
1886 1516 1706 1000 1000
1885 1515 1705 1000 1000
1884 1514 1704 1000 1000
1883 1513 1703 1000 1000
1882 1512 1702 1000 1000
1881 1511 1701 1000 1000
1880 1510 1700 1000 1000
1879 1509 1699 1000 1000
1878 1508 1698 1000 1000
1877 1507 1697 1000 1000
1876 1506 1696 1000 1000
1875 1505 1695 1000 1000
1874 1504 1694 1000 1000
1873 1503 1693 1000 1000
1872 1502 1692 1000 1000
1871 1501 1691 1000 1000
1870 1500 1690 1000 1000
1869 1499 1689 1000 1000
1868 1498 1688 1000 1000
1867 1497 1687 1000 1000
1866 1496 1686 1000 1000
1865 1495 1685 1000 1000
1864 1494 1684 1000 1000
1863 1493 1683 1000 1000
1862 1492 1682 1000 1000
1861 1491 1681 1000 1000
1860 1490 1680 1000 1000
1859 1489 1679 1000 1000
1858 1488 1678 1000 1000
1857 1487 1677 1000 1000
1856 1486 1676 1000 1000
1855 1485 1675 1000 1000
1854 1484 1674 1000 1000
1853 1483 1673 1000 1000
1852 1482 1672 1000 1000
1851 1481 1671 1000 1000
1850 1480 1670 1000 1000
1849 1479 1669 1000 1000
1848 1478 1668 1000 1000
1847 1477 1667 1000 1000
1846 1476 1666 1000 1000
1845 1475 1665 1000 1000
1844 1474 1664 1000 1000
1843 1473 1663 1000 1000
1842 1472 1662 1000 1000
1841 1471 1661 1000 1000
1840 1470 1660 1000 1000
1839 1469 1659 1000 1000
1838 1468 1658 1000 1000
1837 1467 1657 1000 1000
1836 1466 1656 1000 1000
1835 1465 1655 1000 1000
1834 1464 1654 1000 1000
1833 1463 1653 1000 1000
1832 1462 1652 1000 1000
1831 1461 1651 1000 1000
1830 1460 1650 1000 1000
1829 1459 1649 1000 1000
1828 1458 1648 1000 1000
1827 1457 1647 1000 1000
1826 1456 1646 1000 1000
1825 1455 1645 1000 1000
1824 1454 1644 1000 1000
1823 1453 1643 1000 1000
1822 1452 1642 1000 1000
1821 1451 1641 1000 1000
1820 1450 1640 1000 1000
1819 1449 1639 1000 1000
1818 1448 1638 1000 1000
1817 1447 1637 1000 1000
1816 1446 1636 1000 1000
1815 1445 1635 1000 1000
1814 1444 1634 1000 1000
1813 1443 1633 1000 1000
1812 1442 1632 1000 1000
1811 1441 1631 1000 1000
1810 1440 1630 1000 1000
1809 1439 1629 1000 1000
1808 1438 1628 1000 1000
1807 1437 1627 1000 1000
1806 1436 1626 1000 1000
1805 1435 1625 1000 1000
1804 1434 1624 1000 1000
1803 1433 1623 1000 1000
1802 1432 1622 1000 1000
1801 1431 1621 1000 1000
1800 1430 1620 1000 1000
1799 1429 1619 1000 1000
1798 1428 1618 1000 1000
1797 1427 1617 1000 1000
1796 1426 1616 1000 1000
1795 1425 1615 1000 1000
1794 1424 1614 1000 1000
1793 1423 1613 1000 1000
1792 1422 1612 1000 1000
1791 1421 1611 1000 1000
1790 1420 1610 1000 1000
1789 1419 1609 1000 1000
1788 1418 1608 1000 1000
1787 1417 1607 1000 1000
1786 1416 1606 1000 1000
1785 1415 1605 1000 1000
1784 1414 1604 1000 1000
1783 1413 1603 1000 1000
1782 1412 1602 1000 1000
1781 1411 1601 1000 1000
1780 1410 1600 1000 1000
1779 1409 1599 1000 1000
1778 1408 1598 1000 1000
1777 1407 1597 1000 1000
1776 1406 1596 1000 1000
1775 1405 1595 1000 1000
1774 1404 1594 1000 1000
1773 1403 1593 1000 1000
1772 1402 1592 1000 1000
1771 1401 1591 1000 1000
1770 1400 1590 1000 1000
1769 1399 1589 1000 1000
1768 1398 1588 1000 1000
1767 1397 1587 1000 1000
1766 1396 1586 1000 1000
1765 1395 1585 1000 1000
1764 1394 1584 1000 1000
1763 1393 1583 1000 1000
1762 1392 1582 1000 1000
1761 1391 1581 1000 1000
1760 1390 1580 1000 1000
1759 1389 1579 1000 1000
1758 1388 1578 1000 1000
1757 1387 1577 1000 1000
1756 1386 1576 1000 1000
1755 1385 1575 1000 1000
1754 1384 1574 1000 1000
1753 1383 1573 1000 1000
1752 1382 1572 1000 1000
1751 1381 1571 1000 1000
1750 1380 1570 1000 1000
1749 1379 1569 1000 1000
1748 1378 1568 1000 1000
1747 1377 1567 1000 1000
1746 1376 1566 1000 1000
1745 1375 1565 1000 1000
1744 1374 1564 1000 1000
1743 1373 1563 1000 1000
1742 1372 1562 1000 1000
1741 1371 1561 1000 1000
1740 1370 1560 1000 1000
1739 1369 1559 1000 1000
1738 1368 1558 1000 1000
1737 1367 1557 1000 1000
1736 1366 1556 1000 1000
1735 1365 1555 1000 1000
1734 1364 1554 1000 1000
1733 1363 1553 1000 1000
1732 1362 1552 1000 1000
1731 1361 1551 1000 1000
1730 1360 1550 1000 1000
1729 1359 1549 1000 1000
1728 1358 1548 1000 1000
1727 1357 1547 1000 1000
1726 1356 1546 1000 1000
1725 1355 1545 1000 1000
1724 1354 1544 1000 1000
1723 1353 1543 1000 1000
1722 1352 1542 1000 1000
1721 1351 1541 1000 1000
1720 1350 1540 1000 1000
1719 1349 1539 1000 1000
1718 1348 1538 1000 1000
1717 1347 1537 1000 1000
1716 1346 1536 1000 1000
1715 1345 1535 1000 1000
1714 1344 1534 1000 1000
1713 1343 1533 1000 1000
1712 1342 1532 1000 1000
1711 1341 1531 1000 1000
1710 1340 1530 1000 1000
1709 1339 1529 1000 1000
1708 1338 1528 1000 1000
1707 1337 1527 1000 1000
1706 1336 1526 1000 1000
1705 1335 1525 1000 1000
1704 1334 1524 1000 1000
1703 1333 1523 1000 1000
1702 1332 1522 1000 1000
1701 1331 1521 1000 1000
1700 1330 1520 1000 1000
1699 1329 1519 1000 1000
1698 1328 1518 1000 1000
1697 1327 1517 1000 1000
1696 1326 1516 1000 1000
1695 1325 1515 1000 1000
1694 1324 1514 1000 1000
1693 1323 1513 1000 1000
1692 1322 1512 1000 1000
1691 1321 1511 1000 1000
1690 1320 1510 1000 1000
1689 1319 1509 1000 1000
1688 1318 1508 1000 1000
1687 1317 1507 1000 1000
1686 1316 1506 1000 1000
1685 1315 1505 1000 1000
1684 1314 1504 1000 1000
1683 1313 1503 1000 1000
1682 1312 1502 1000 1000
1681 1311 1501 1000 1000
1680 1310 1500 1000 1000
1679 1309 1499 1000 1000
1678 1308 1498 1000 1000
1677 1307 1497 1000 1000
1676 1306 1496 1000 1000
1675 1305 1495 1000 1000
1674 1304 1494 1000 1000
1673 1303 1493 1000 1000
1672 1302 1492 1000 1000
1671 1301 1491 1000 1000
1670 1300 1490 1000 1000
1669 1299 1489 1000 1000
1668 1298 1488 1000 1000
1667 1297 1487 1000 1000
1666 1296 1486 1000 1000
1665 1295 1485 1000 1000
1664 1294 1484 1000 1000
1663 1293 1483 1000 1000
1662 1292 1482 1000 1000
1661 1291 1481 1000 1000
1660 1290 1480 1000 1000
1659 1289 1479 1000 1000
1658 1288 1478 1000 1000
1657 1287 1477 1000 1000
1656 1286 1476 1000 1000
1655 1285 1475 1000 1000
1654 1284 1474 1000 1000
1653 1283 1473 1000 1000
1652 1282 1472 1000 1000
1651 1281 1471 1000 1000
1650 1280 1470 1000 1000
1649 1279 1469 1000 1000
1648 1278 1468 1000 1000
1647 1277 1467 1000 1000
1646 1276 1466 1000 1000
1645 1275 1465 1000 1000
1644 1274 1464 1000 1000
1643 1273 1463 1000 1000
1642 1272 1462 1000 1000
1641 1271 1461 1000 1000
1640 1270 1460 1000 1000
1639 1269 1459 1000 1000
1638 1268 1458 1000 1000
1637 1267 1457 1000 1000
1636 1266 1456 1000 1000
1635 1265 1455 1000 1000
1634 1264 1454 1000 1000
1633 1263 1453 1000 1000
1632 1262 1452 1000 1000
1631 1261 1451 1000 1000
1630 1260 1450 1000 1000
1629 1259 1449 1000 1000
1628 1258 1448 1000 1000
1627 1257 1447 1000 1000
1626 1256 1446 1000 1000
1625 1255 1445 1000 1000
1624 1254 1444 1000 1000
1623 1253 1443 1000 1000
1622 1252 1442 1000 1000
1621 1251 1441 1000 1000
1620 1250 1440 1000 1000
1619 1249 1439 1000 1000
1618 1248 1438 1000 1000
1617 1247 1437 1000 1000
1616 1246 1436 1000 1000
1615 1245 1435 1000 1000
1614 1244 1434 1000 1000
1613 1243 1433 1000 1000
1612 1242 1432 1000 1000
1611 1241 1431 1000 1000
1610 1240 1430 1000 1000
1609 1239 1429 1000 1000
1608 1238 1428 1000 1000
1607 1237 1427 1000 1000
1606 1236 1426 1000 1000
1605 1235 1425 1000 1000
1604 1234 1424 1000 1000
1603 1233 1423 1000 1000
1602 1232 1422 1000 1000
1601 1231 1421 1000 1000
1600 1230 1420 1000 1000
1599 1229 1419 1000 1000
1598 1228 1418 1000 1000
1597 1227 1417 1000 1000
1596 1226 1416 1000 1000
1595 1225 1415 1000 1000
1594 1224 1414 1000 1000
1593 1223 1413 1000 1000
1592 1222 1412 1000 1000
1591 1221 1411 1000 1000
1590 1220 1410 1000 1000
1589 1219 1409 1000 1000
1588 1218 1408 1000 1000
1587 1217 1407 1000 1000
1586 1216 1406 1000 1000
1585 1215 1405 1000 1000
1584 1214 1404 1000 1000
1583 1213 1403 1000 1000
1582 1212 1402 1000 1000
1581 1211 1401 1000 1000
1580 1210 1400 1000 1000
1579 1209 1399 1000 1000
1578 1208 1398 1000 1000
1577 1207 1397 1000 1000
1576 1206 1396 1000 1000
1575 1205 1395 1000 1000
1574 1204 1394 1000 1000
1573 1203 1393 1000 1000
1572 1202 1392 1000 1000
1571 1201 1391 1000 1000
1570 1200 1390 1000 1000
1569 1199 1389 1000 1000
1568 1198 1388 1000 1000
1567 1197 1387 1000 1000
1566 1196 1386 1000 1000
1565 1195 1385 1000 1000
1564 1194 1384 1000 1000
1563 1193 1383 1000 1000
1562 1192 1382 1000 1000
1561 1191 1381 1000 1000
1560 1190 1380 1000 1000
1559 1189 1379 1000 1000
1558 1188 1378 1000 1000
1557 1187 1377 1000 1000
1556 1186 1376 1000 1000
1555 1185 1375 1000 1000
1554 1184 1374 1000 1000
1553 1183 1373 1000 1000
1552 1182 1372 1000 1000
1551 1181 1371 1000 1000
1550 1180 1370 1000 1000
1549 1179 1369 1000 1000
1548 1178 1368 1000 1000
1547 1177 1367 1000 1000
1546 1176 1366 1000 1000
1545 1175 1365 1000 1000
1544 1174 1364 1000 1000
1543 1173 1363 1000 1000
1542 1172 1362 1000 1000
1541 1171 1361 1000 1000
1540 1170 1360 1000 1000
1539 1169 1359 1000 1000
1538 1168 1358 1000 1000
1537 1167 1357 1000 1000
1536 1166 1356 1000 1000
1535 1165 1355 1000 1000
1534 1164 1354 1000 1000
1533 1163 1353 1000 1000
1532 1162 1352 1000 1000
1531 1161 1351 1000 1000
1530 1160 1350 1000 1000
1529 1159 1349 1000 1000
1528 1158 1348 1000 1000
1527 1157 1347 1000 1000
1526 1156 1346 1000 1000
1525 1155 1345 1000 1000
1524 1154 1344 1000 1000
1523 1153 1343 1000 1000
1522 1152 1342 1000 1000
1521 1151 1341 1000 1000
1520 1150 1340 1000 1000
1519 1149 1339 1000 1000
1518 1148 1338 1000 1000
1517 1147 1337 1000 1000
1516 1146 1336 1000 1000
1515 1145 1335 1000 1000
1514 1144 1334 1000 1000
1513 1143 1333 1000 1000
1512 1142 1332 1000 1000
1511 1141 1331 1000 1000
1510 1140 1330 1000 1000
1509 1139 1329 1000 1000
1508 1138 1328 1000 1000
1507 1137 1327 1000 1000
1506 1136 1326 1000 1000
1505 1135 1325 1000 1000
1504 1134 1324 1000 1000
1503 1133 1323 1000 1000
1502 1132 1322 1000 1000
1501 1131 1321 1000 1000
1500 1130 1320 1000 1000
1499 1129 1319 1000 1000
1498 1128 1318 1000 1000
1497 1127 1317 1000 1000
1496 1126 1316 1000 1000
1495 1125 1315 1000 1000
1494 1124 1314 1000 1000
1493 1123 1313 1000 1000
1492 1122 1312 1000 1000
1491 1121 1311 1000 1000
1490 1120 1310 1000 1000
1489 1119 1309 1000 1000
1488 1118 1308 1000 1000
1487 1117 1307 1000 1000
1486 1116 1306 1000 1000
1485 1115 1305 1000 1000
1484 1114 1304 1000 1000
1483 1113 1303 1000 1000
1482 1112 1302 1000 1000
1481 1111 1301 1000 1000
1480 1110 1300 1000 1000
1479 1109 1299 1000 1000
1478 1108 1298 1000 1000
1477 1107 1297 1000 1000
1476 1106 1296 1000 1000
1475 1105 1295 1000 1000
1474 1104 1294 1000 1000
1473 1103 1293 1000 1000
1472 1102 1292 1000 1000
1471 1101 1291 1000 1000
1470 1100 1290 1000 1000
1469 1099 1289 1000 1000
1468 1098 1288 1000 1000
1467 1097 1287 1000 1000
1466 1096 1286 1000 1000
1465 1095 1285 1000 1000
1464 1094 1284 1000 1000
1463 1093 1283 1000 1000
1462 1092 1282 1000 1000
1461 1091 1281 1000 1000
1460 1090 1280 1000 1000
1459 1089 1279 1000 1000
1458 1088 1278 1000 1000
1457 1087 1277 1000 1000
1456 1086 1276 1000 1000
1455 1085 1275 1000 1000
1454 1084 1274 1000 1000
1453 1083 1273 1000 1000
1452 1082 1272 1000 1000
1451 1081 1271 1000 1000
1450 1080 1270 1000 1000
1449 1079 1269 1000 1000
1448 1078 1268 1000 1000
1447 1077 1267 1000 1000
1446 1076 1266 1000 1000
1445 1075 1265 1000 1000
1444 1074 1264 1000 1000
1443 1073 1263 1000 1000
1442 1072 1262 1000 1000
1441 1071 1261 1000 1000
1440 1070 1260 1000 1000
1439 1069 1259 1000 1000
1438 1068 1258 1000 1000
1437 1067 1257 1000 1000
1436 1066 1256 1000 1000
1435 1065 1255 1000 1000
1434 1064 1254 1000 1000
1433 1063 1253 1000 1000
1432 1062 1252 1000 1000
1431 1061 1251 1000 1000
1430 1060 1250 1000 1000
1429 1059 1249 1000 1000
1428 1058 1248 1000 1000
1427 1057 1247 1000 1000
1426 1056 1246 1000 1000
1425 1055 1245 1000 1000
1424 1054 1244 1000 1000
1423 1053 1243 1000 1000
1422 1052 1242 1000 1000
1421 1051 1241 1000 1000
1420 1050 1240 1000 1000
1419 1049 1239 1000 1000
1418 1048 1238 1000 1000
1417 1047 1237 1000 1000
1416 1046 1236 1000 1000
1415 1045 1235 1000 1000
1414 1044 1234 1000 1000
1413 1043 1233 1000 1000
1412 1042 1232 1000 1000
1411 1041 1231 1000 1000
1410 1040 1230 1000 1000
1409 1039 1229 1000 1000
1408 1038 1228 1000 1000
1407 1037 1227 1000 1000
1406 1036 1226 1000 1000
1405 1035 1225 1000 1000
1404 1034 1224 1000 1000
1403 1033 1223 1000 1000
1402 1032 1222 1000 1000
1401 1031 1221 1000 1000
1400 1030 1220 1000 1000
1399 1029 1219 1000 1000
1398 1028 1218 1000 1000
1397 1027 1217 1000 1000
1396 1026 1216 1000 1000
1395 1025 1215 1000 1000
1394 1024 1214 1000 1000
1393 1023 1213 1000 1000
1392 1022 1212 1000 1000
1391 1021 1211 1000 1000
1390 1020 1210 1000 1000
1389 1019 1209 1000 1000
1388 1018 1208 1000 1000
1387 1017 1207 1000 1000
1386 1016 1206 1000 1000
1385 1015 1205 1000 1000
1384 1014 1204 1000 1000
1383 1013 1203 1000 1000
1382 1012 1202 1000 1000
1381 1011 1201 1000 1000
1380 1010 1200 1000 1000
1379 1009 1199 1000 1000
1378 1008 1198 1000 1000
1377 1007 1197 1000 1000
1376 1006 1196 1000 1000
1375 1005 1195 1000 1000
1374 1004 1194 1000 1000
1373 1003 1193 1000 1000
1372 1002 1192 1000 1000
1371 1001 1191 1000 1000
1370 1000 1190 1000 1000
1369 999 1189 1000 1000
1368 998 1188 1000 1000
1367 997 1187 1000 1000
1366 996 1186 1000 1000
1365 995 1185 1000 1000
1364 994 1184 1000 1000
1363 993 1183 1000 1000
1362 992 1182 1000 1000
1361 991 1181 1000 1000
1360 990 1180 1000 1000
1359 989 1179 1000 1000
1358 988 1178 1000 1000
1357 987 1177 1000 1000
1356 986 1176 1000 1000
1355 985 1175 1000 1000
1354 984 1174 1000 1000
1353 983 1173 1000 1000
1352 982 1172 1000 1000
1351 981 1171 1000 1000
1350 980 1170 1000 1000
1349 979 1169 1000 1000
1348 978 1168 1000 1000
1347 977 1167 1000 1000
1346 976 1166 1000 1000
1345 975 1165 1000 1000
1344 974 1164 1000 1000
1343 973 1163 1000 1000
1342 972 1162 1000 1000
1341 971 1161 1000 1000
1340 970 1160 1000 1000
1339 969 1159 1000 1000
1338 968 1158 1000 1000
1337 967 1157 1000 1000
1336 966 1156 1000 1000
1335 965 1155 1000 1000
1334 964 1154 1000 1000
1333 963 1153 1000 1000
1332 962 1152 1000 1000
1331 961 1151 1000 1000
1330 960 1150 1000 1000
1329 959 1149 1000 1000
1328 958 1148 1000 1000
1327 957 1147 1000 1000
1326 956 1146 1000 1000
1325 955 1145 1000 1000
1324 954 1144 1000 1000
1323 953 1143 1000 1000
1322 952 1142 1000 1000
1321 951 1141 1000 1000
1320 950 1140 1000 1000
1319 949 1139 1000 1000
1318 948 1138 1000 1000
1317 947 1137 1000 1000
1316 946 1136 1000 1000
1315 945 1135 1000 1000
1314 944 1134 1000 1000
1313 943 1133 1000 1000
1312 942 1132 1000 1000
1311 941 1131 1000 1000
1310 940 1130 1000 1000
1309 939 1129 1000 1000
1308 938 1128 1000 1000
1307 937 1127 1000 1000
1306 936 1126 1000 1000
1305 935 1125 1000 1000
1304 934 1124 1000 1000
1303 933 1123 1000 1000
1302 932 1122 1000 1000
1301 931 1121 1000 1000
1300 930 1120 1000 1000
1299 929 1119 1000 1000
1298 928 1118 1000 1000
1297 927 1117 1000 1000
1296 926 1116 1000 1000
1295 925 1115 1000 1000
1294 924 1114 1000 1000
1293 923 1113 1000 1000
1292 922 1112 1000 1000
1291 921 1111 1000 1000
1290 920 1110 1000 1000
1289 919 1109 1000 1000
1288 918 1108 1000 1000
1287 917 1107 1000 1000
1286 916 1106 1000 1000
1285 915 1105 1000 1000
1284 914 1104 1000 1000
1283 913 1103 1000 1000
1282 912 1102 1000 1000
1281 911 1101 1000 1000
1280 910 1100 1000 1000
1279 909 1099 1000 1000
1278 908 1098 1000 1000
1277 907 1097 1000 1000
1276 906 1096 1000 1000
1275 905 1095 1000 1000
1274 904 1094 1000 1000
1273 903 1093 1000 1000
1272 902 1092 1000 1000
1271 901 1091 1000 1000
1270 900 1090 1000 1000
1269 899 1089 1000 1000
1268 898 1088 1000 1000
1267 897 1087 1000 1000
1266 896 1086 1000 1000
1265 895 1085 1000 1000
1264 894 1084 1000 1000
1263 893 1083 1000 1000
1262 892 1082 1000 1000
1261 891 1081 1000 1000
1260 890 1080 1000 1000
1259 889 1079 1000 1000
1258 888 1078 1000 1000
1257 887 1077 1000 1000
1256 886 1076 1000 1000
1255 885 1075 1000 1000
1254 884 1074 1000 1000
1253 883 1073 1000 1000
1252 882 1072 1000 1000
1251 881 1071 1000 1000
1250 880 1070 1000 1000
1249 879 1069 1000 1000
1248 878 1068 1000 1000
1247 877 1067 1000 1000
1246 876 1066 1000 1000
1245 875 1065 1000 1000
1244 874 1064 1000 1000
1243 873 1063 1000 1000
1242 872 1062 1000 1000
1241 871 1061 1000 1000
1240 870 1060 1000 1000
1239 869 1059 1000 1000
1238 868 1058 1000 1000
1237 867 1057 1000 1000
1236 866 1056 1000 1000
1235 865 1055 1000 1000
1234 864 1054 1000 1000
1233 863 1053 1000 1000
1232 862 1052 1000 1000
1231 861 1051 1000 1000
1230 860 1050 1000 1000
1229 859 1049 1000 1000
1228 858 1048 1000 1000
1227 857 1047 1000 1000
1226 856 1046 1000 1000
1225 855 1045 1000 1000
1224 854 1044 1000 1000
1223 853 1043 1000 1000
1222 852 1042 1000 1000
1221 851 1041 1000 1000
1220 850 1040 1000 1000
1219 849 1039 1000 1000
1218 848 1038 1000 1000
1217 847 1037 1000 1000
1216 846 1036 1000 1000
1215 845 1035 1000 1000
1214 844 1034 1000 1000
1213 843 1033 1000 1000
1212 842 1032 1000 1000
1211 841 1031 1000 1000
1210 840 1030 1000 1000
1209 839 1029 1000 1000
1208 838 1028 1000 1000
1207 837 1027 1000 1000
1206 836 1026 1000 1000
1205 835 1025 1000 1000
1204 834 1024 1000 1000
1203 833 1023 1000 1000
1202 832 1022 1000 1000
1201 831 1021 1000 1000
1200 830 1020 1000 1000
1199 829 1019 1000 1000
1198 828 1018 1000 1000
1197 827 1017 1000 1000
1196 826 1016 1000 1000
1195 825 1015 1000 1000
1194 824 1014 1000 1000
1193 823 1013 1000 1000
1192 822 1012 1000 1000
1191 821 1011 1000 1000
1190 820 1010 1000 1000
1189 819 1009 1000 1000
1188 818 1008 1000 1000
1187 817 1007 1000 1000
1186 816 1006 1000 1000
1185 815 1005 1000 1000
1184 814 1004 1000 1000
1183 813 1003 1000 1000
1182 812 1002 1000 1000
1181 811 1001 1000 1000
1180 810 1000 1000 1000
1179 809 999 1000 1000
1178 808 998 1000 1000
1177 807 997 1000 1000
1176 806 996 1000 1000
1175 805 995 1000 1000
1174 804 994 1000 1000
1173 803 993 1000 1000
1172 802 992 1000 1000
1171 801 991 1000 1000
1170 800 990 1000 1000
1169 799 989 1000 1000
1168 798 988 1000 1000
1167 797 987 1000 1000
1166 796 986 1000 1000
1165 795 985 1000 1000
1164 794 984 1000 1000
1163 793 983 1000 1000
1162 792 982 1000 1000
1161 791 981 1000 1000
1160 790 980 1000 1000
1159 789 979 1000 1000
1158 788 978 1000 1000
1157 787 977 1000 1000
1156 786 976 1000 1000
1155 785 975 1000 1000
1154 784 974 1000 1000
1153 783 973 1000 1000
1152 782 972 1000 1000
1151 781 971 1000 1000
1150 780 970 1000 1000
1149 779 969 1000 1000
1148 778 968 1000 1000
1147 777 967 1000 1000
1146 776 966 1000 1000
1145 775 965 1000 1000
1144 774 964 1000 1000
1143 773 963 1000 1000
1142 772 962 1000 1000
1141 771 961 1000 1000
1140 770 960 1000 1000
1139 769 959 1000 1000
1138 768 958 1000 1000
1137 767 957 1000 1000
1136 766 956 1000 1000
1135 765 955 1000 1000
1134 764 954 1000 1000
1133 763 953 1000 1000
1132 762 952 1000 1000
1131 761 951 1000 1000
1130 760 950 1000 1000
1129 759 949 1000 1000
1128 758 948 1000 1000
1127 757 947 1000 1000
1126 756 946 1000 1000
1125 755 945 1000 1000
1124 754 944 1000 1000
1123 753 943 1000 1000
1122 752 942 1000 1000
1121 751 941 1000 1000
1120 750 940 1000 1000
1119 749 939 1000 1000
1118 748 938 1000 1000
1117 747 937 1000 1000
1116 746 936 1000 1000
1115 745 935 1000 1000
1114 744 934 1000 1000
1113 743 933 1000 1000
1112 742 932 1000 1000
1111 741 931 1000 1000
1110 740 930 1000 1000
1109 739 929 1000 1000
1108 738 928 1000 1000
1107 737 927 1000 1000
1106 736 926 1000 1000
1105 735 925 1000 1000
1104 734 924 1000 1000
1103 733 923 1000 1000
1102 732 922 1000 1000
1101 731 921 1000 1000
1100 730 920 1000 1000
1099 729 919 1000 1000
1098 728 918 1000 1000
1097 727 917 1000 1000
1096 726 916 1000 1000
1095 725 915 1000 1000
1094 724 914 1000 1000
1093 723 913 1000 1000
1092 722 912 1000 1000
1091 721 911 1000 1000
1090 720 910 1000 1000
1089 719 909 1000 1000
1088 718 908 1000 1000
1087 717 907 1000 1000
1086 716 906 1000 1000
1085 715 905 1000 1000
1084 714 904 1000 1000
1083 713 903 1000 1000
1082 712 902 1000 1000
1081 711 901 1000 1000
1080 710 900 1000 1000
1079 709 899 1000 1000
1078 708 898 1000 1000
1077 707 897 1000 1000
1076 706 896 1000 1000
1075 705 895 1000 1000
1074 704 894 1000 1000
1073 703 893 1000 1000
1072 702 892 1000 1000
1071 701 891 1000 1000
1070 700 890 1000 1000
1069 699 889 1000 1000
1068 698 888 1000 1000
1067 697 887 1000 1000
1066 696 886 1000 1000
1065 695 885 1000 1000
1064 694 884 1000 1000
1063 693 883 1000 1000
1062 692 882 1000 1000
1061 691 881 1000 1000
1060 690 880 1000 1000
1059 689 879 1000 1000
1058 688 878 1000 1000
1057 687 877 1000 1000
1056 686 876 1000 1000
1055 685 875 1000 1000
1054 684 874 1000 1000
1053 683 873 1000 1000
1052 682 872 1000 1000
1051 681 871 1000 1000
1050 680 870 1000 1000
1049 679 869 1000 1000
1048 678 868 1000 1000
1047 677 867 1000 1000
1046 676 866 1000 1000
1045 675 865 1000 1000
1044 674 864 1000 1000
1043 673 863 1000 1000
1042 672 862 1000 1000
1041 671 861 1000 1000
1040 670 860 1000 1000
1039 669 859 1000 1000
1038 668 858 1000 1000
1037 667 857 1000 1000
1036 666 856 1000 1000
1035 665 855 1000 1000
1034 664 854 1000 1000
1033 663 853 1000 1000
1032 662 852 1000 1000
1031 661 851 1000 1000
1030 660 850 1000 1000
1029 659 849 1000 1000
1028 658 848 1000 1000
1027 657 847 1000 1000
1026 656 846 1000 1000
1025 655 845 1000 1000
1024 654 844 1000 1000
1023 653 843 1000 1000
1022 652 842 1000 1000
1021 651 841 1000 1000
1020 650 840 1000 1000
1019 649 839 1000 1000
1018 648 838 1000 1000
1017 647 837 1000 1000
1016 646 836 1000 1000
1015 645 835 1000 1000
1014 644 834 1000 1000
1013 643 833 1000 1000
1012 642 832 1000 1000
1011 641 831 1000 1000
1010 640 830 1000 1000
1009 639 829 1000 1000
1008 638 828 1000 1000
1007 637 827 1000 1000
1006 636 826 1000 1000
1005 635 825 1000 1000
1004 634 824 1000 1000
1003 633 823 1000 1000
1002 632 822 1000 1000
1001 631 821 1000 1000
1000 630 820 1000 1000
999 629 819 1000 1000
998 628 818 1000 1000
997 627 817 1000 1000
996 626 816 1000 1000
995 625 815 1000 1000
994 624 814 1000 1000
993 623 813 1000 1000
992 622 812 1000 1000
991 621 811 1000 1000
990 620 810 1000 1000
989 619 809 1000 1000
988 618 808 1000 1000
987 617 807 1000 1000
986 616 806 1000 1000
985 615 805 1000 1000
984 614 804 1000 1000
983 613 803 1000 1000
982 612 802 1000 1000
981 611 801 1000 1000
980 610 800 1000 1000
979 609 799 1000 1000
978 608 798 1000 1000
977 607 797 1000 1000
976 606 796 1000 1000
975 605 795 1000 1000
974 604 794 1000 1000
973 603 793 1000 1000
972 602 792 1000 1000
971 601 791 1000 1000
970 600 790 1000 1000
969 599 789 1000 1000
968 598 788 1000 1000
967 597 787 1000 1000
966 596 786 1000 1000
965 595 785 1000 1000
964 594 784 1000 1000
963 593 783 1000 1000
962 592 782 1000 1000
961 591 781 1000 1000
960 590 780 1000 1000
959 589 779 1000 1000
958 588 778 1000 1000
957 587 777 1000 1000
956 586 776 1000 1000
955 585 775 1000 1000
954 584 774 1000 1000
953 583 773 1000 1000
952 582 772 1000 1000
951 581 771 1000 1000
950 580 770 1000 1000
949 579 769 1000 1000
948 578 768 1000 1000
947 577 767 1000 1000
946 576 766 1000 1000
945 575 765 1000 1000
944 574 764 1000 1000
943 573 763 1000 1000
942 572 762 1000 1000
941 571 761 1000 1000
940 570 760 1000 1000
939 569 759 1000 1000
938 568 758 1000 1000
937 567 757 1000 1000
936 566 756 1000 1000
935 565 755 1000 1000
934 564 754 1000 1000
933 563 753 1000 1000
932 562 752 1000 1000
931 561 751 1000 1000
930 560 750 1000 1000
929 559 749 1000 1000
928 558 748 1000 1000
927 557 747 1000 1000
926 556 746 1000 1000
925 555 745 1000 1000
924 554 744 1000 1000
923 553 743 1000 1000
922 552 742 1000 1000
921 551 741 1000 1000
920 550 740 1000 1000
919 549 739 1000 1000
918 548 738 1000 1000
917 547 737 1000 1000
916 546 736 1000 1000
915 545 735 1000 1000
914 544 734 1000 1000
913 543 733 1000 1000
912 542 732 1000 1000
911 541 731 1000 1000
910 540 730 1000 1000
909 539 729 1000 1000
908 538 728 1000 1000
907 537 727 1000 1000
906 536 726 1000 1000
905 535 725 1000 1000
904 534 724 1000 1000
903 533 723 1000 1000
902 532 722 1000 1000
901 531 721 1000 1000
900 530 720 1000 1000
899 529 719 1000 1000
898 528 718 1000 1000
897 527 717 1000 1000
896 526 716 1000 1000
895 525 715 1000 1000
894 524 714 1000 1000
893 523 713 1000 1000
892 522 712 1000 1000
891 521 711 1000 1000
890 520 710 1000 1000
889 519 709 1000 1000
888 518 708 1000 1000
887 517 707 1000 1000
886 516 706 1000 1000
885 515 705 1000 1000
884 514 704 1000 1000
883 513 703 1000 1000
882 512 702 1000 1000
881 511 701 1000 1000
880 510 700 1000 1000
879 509 699 1000 1000
878 508 698 1000 1000
877 507 697 1000 1000
876 506 696 1000 1000
875 505 695 1000 1000
874 504 694 1000 1000
873 503 693 1000 1000
872 502 692 1000 1000
871 501 691 1000 1000
870 500 690 1000 1000
869 499 689 1000 1000
868 498 688 1000 1000
867 497 687 1000 1000
866 496 686 1000 1000
865 495 685 1000 1000
864 494 684 1000 1000
863 493 683 1000 1000
862 492 682 1000 1000
861 491 681 1000 1000
860 490 680 1000 1000
859 489 679 1000 1000
858 488 678 1000 1000
857 487 677 1000 1000
856 486 676 1000 1000
855 485 675 1000 1000
854 484 674 1000 1000
853 483 673 1000 1000
852 482 672 1000 1000
851 481 671 1000 1000
850 480 670 1000 1000
849 479 669 1000 1000
848 478 668 1000 1000
847 477 667 1000 1000
846 476 666 1000 1000
845 475 665 1000 1000
844 474 664 1000 1000
843 473 663 1000 1000
842 472 662 1000 1000
841 471 661 1000 1000
840 470 660 1000 1000
839 469 659 1000 1000
838 468 658 1000 1000
837 467 657 1000 1000
836 466 656 1000 1000
835 465 655 1000 1000
834 464 654 1000 1000
833 463 653 1000 1000
832 462 652 1000 1000
831 461 651 1000 1000
830 460 650 1000 1000
829 459 649 1000 1000
828 458 648 1000 1000
827 457 647 1000 1000
826 456 646 1000 1000
825 455 645 1000 1000
824 454 644 1000 1000
823 453 643 1000 1000
822 452 642 1000 1000
821 451 641 1000 1000
820 450 640 1000 1000
819 449 639 1000 1000
818 448 638 1000 1000
817 447 637 1000 1000
816 446 636 1000 1000
815 445 635 1000 1000
814 444 634 1000 1000
813 443 633 1000 1000
812 442 632 1000 1000
811 441 631 1000 1000
810 440 630 1000 1000
809 439 629 1000 1000
808 438 628 1000 1000
807 437 627 1000 1000
806 436 626 1000 1000
805 435 625 1000 1000
804 434 624 1000 1000
803 433 623 1000 1000
802 432 622 1000 1000
801 431 621 1000 1000
800 430 620 1000 1000
799 429 619 1000 1000
798 428 618 1000 1000
797 427 617 1000 1000
796 426 616 1000 1000
795 425 615 1000 1000
794 424 614 1000 1000
793 423 613 1000 1000
792 422 612 1000 1000
791 421 611 1000 1000
790 420 610 1000 1000
789 419 609 1000 1000
788 418 608 1000 1000
787 417 607 1000 1000
786 416 606 1000 1000
785 415 605 1000 1000
784 414 604 1000 1000
783 413 603 1000 1000
782 412 602 1000 1000
781 411 601 1000 1000
780 410 600 1000 1000
779 409 599 1000 1000
778 408 598 1000 1000
777 407 597 1000 1000
776 406 596 1000 1000
775 405 595 1000 1000
774 404 594 1000 1000
773 403 593 1000 1000
772 402 592 1000 1000
771 401 591 1000 1000
770 400 590 1000 1000
769 399 589 1000 1000
768 398 588 1000 1000
767 397 587 1000 1000
766 396 586 1000 1000
765 395 585 1000 1000
764 394 584 1000 1000
763 393 583 1000 1000
762 392 582 1000 1000
761 391 581 1000 1000
760 390 580 1000 1000
759 389 579 1000 1000
758 388 578 1000 1000
757 387 577 1000 1000
756 386 576 1000 1000
755 385 575 1000 1000
754 384 574 1000 1000
753 383 573 1000 1000
752 382 572 1000 1000
751 381 571 1000 1000
750 380 570 1000 1000
749 379 569 1000 1000
748 378 568 1000 1000
747 377 567 1000 1000
746 376 566 1000 1000
745 375 565 1000 1000
744 374 564 1000 1000
743 373 563 1000 1000
742 372 562 1000 1000
741 371 561 1000 1000
740 370 560 1000 1000
739 369 559 1000 1000
738 368 558 1000 1000
737 367 557 1000 1000
736 366 556 1000 1000
735 365 555 1000 1000
734 364 554 1000 1000
733 363 553 1000 1000
732 362 552 1000 1000
731 361 551 1000 1000
730 360 550 1000 1000
729 359 549 1000 1000
728 358 548 1000 1000
727 357 547 1000 1000
726 356 546 1000 1000
725 355 545 1000 1000
724 354 544 1000 1000
723 353 543 1000 1000
722 352 542 1000 1000
721 351 541 1000 1000
720 350 540 1000 1000
719 349 539 1000 1000
718 348 538 1000 1000
717 347 537 1000 1000
716 346 536 1000 1000
715 345 535 1000 1000
714 344 534 1000 1000
713 343 533 1000 1000
712 342 532 1000 1000
711 341 531 1000 1000
710 340 530 1000 1000
709 339 529 1000 1000
708 338 528 1000 1000
707 337 527 1000 1000
706 336 526 1000 1000
705 335 525 1000 1000
704 334 524 1000 1000
703 333 523 1000 1000
702 332 522 1000 1000
701 331 521 1000 1000
700 330 520 1000 1000
699 329 519 1000 1000
698 328 518 1000 1000
697 327 517 1000 1000
696 326 516 1000 1000
695 325 515 1000 1000
694 324 514 1000 1000
693 323 513 1000 1000
692 322 512 1000 1000
691 321 511 1000 1000
690 320 510 1000 1000
689 319 509 1000 1000
688 318 508 1000 1000
687 317 507 1000 1000
686 316 506 1000 1000
685 315 505 1000 1000
684 314 504 1000 1000
683 313 503 1000 1000
682 312 502 1000 1000
681 311 501 1000 1000
680 310 500 1000 1000
679 309 499 1000 1000
678 308 498 1000 1000
677 307 497 1000 1000
676 306 496 1000 1000
675 305 495 1000 1000
674 304 494 1000 1000
673 303 493 1000 1000
672 302 492 1000 1000
671 301 491 1000 1000
670 300 490 1000 1000
669 299 489 1000 1000
668 298 488 1000 1000
667 297 487 1000 1000
666 296 486 1000 1000
665 295 485 1000 1000
664 294 484 1000 1000
663 293 483 1000 1000
662 292 482 1000 1000
661 291 481 1000 1000
660 290 480 1000 1000
659 289 479 1000 1000
658 288 478 1000 1000
657 287 477 1000 1000
656 286 476 1000 1000
655 285 475 1000 1000
654 284 474 1000 1000
653 283 473 1000 1000
652 282 472 1000 1000
651 281 471 1000 1000
650 280 470 1000 1000
649 279 469 1000 1000
648 278 468 1000 1000
647 277 467 1000 1000
646 276 466 1000 1000
645 275 465 1000 1000
644 274 464 1000 1000
643 273 463 1000 1000
642 272 462 1000 1000
641 271 461 1000 1000
640 270 460 1000 1000
639 269 459 1000 1000
638 268 458 1000 1000
637 267 457 1000 1000
636 266 456 1000 1000
635 265 455 1000 1000
634 264 454 1000 1000
633 263 453 1000 1000
632 262 452 1000 1000
631 261 451 1000 1000
630 260 450 1000 1000
629 259 449 1000 1000
628 258 448 1000 1000
627 257 447 1000 1000
626 256 446 1000 1000
625 255 445 1000 1000
624 254 444 1000 1000
623 253 443 1000 1000
622 252 442 1000 1000
621 251 441 1000 1000
620 250 440 1000 1000
619 249 439 1000 1000
618 248 438 1000 1000
617 247 437 1000 1000
616 246 436 1000 1000
615 245 435 1000 1000
614 244 434 1000 1000
613 243 433 1000 1000
612 242 432 1000 1000
611 241 431 1000 1000
610 240 430 1000 1000
609 239 429 1000 1000
608 238 428 1000 1000
607 237 427 1000 1000
606 236 426 1000 1000
605 235 425 1000 1000
604 234 424 1000 1000
603 233 423 1000 1000
602 232 422 1000 1000
601 231 421 1000 1000
600 230 420 1000 1000
599 229 419 1000 1000
598 228 418 1000 1000
597 227 417 1000 1000
596 226 416 1000 1000
595 225 415 1000 1000
594 224 414 1000 1000
593 223 413 1000 1000
592 222 412 1000 1000
591 221 411 1000 1000
590 220 410 1000 1000
589 219 409 1000 1000
588 218 408 1000 1000
587 217 407 1000 1000
586 216 406 1000 1000
585 215 405 1000 1000
584 214 404 1000 1000
583 213 403 1000 1000
582 212 402 1000 1000
581 211 401 1000 1000
580 210 400 1000 1000
579 209 399 1000 1000
578 208 398 1000 1000
577 207 397 1000 1000
576 206 396 1000 1000
575 205 395 1000 1000
574 204 394 1000 1000
573 203 393 1000 1000
572 202 392 1000 1000
571 201 391 1000 1000
570 200 390 1000 1000
569 199 389 1000 1000
568 198 388 1000 1000
567 197 387 1000 1000
566 196 386 1000 1000
565 195 385 1000 1000
564 194 384 1000 1000
563 193 383 1000 1000
562 192 382 1000 1000
561 191 381 1000 1000
560 190 380 1000 1000
559 189 379 1000 1000
558 188 378 1000 1000
557 187 377 1000 1000
556 186 376 1000 1000
555 185 375 1000 1000
554 184 374 1000 1000
553 183 373 1000 1000
552 182 372 1000 1000
551 181 371 1000 1000
550 180 370 1000 1000
549 179 369 1000 1000
548 178 368 1000 1000
547 177 367 1000 1000
546 176 366 1000 1000
545 175 365 1000 1000
544 174 364 1000 1000
543 173 363 1000 1000
542 172 362 1000 1000
541 171 361 1000 1000
540 170 360 1000 1000
539 169 359 1000 1000
538 168 358 1000 1000
537 167 357 1000 1000
536 166 356 1000 1000
535 165 355 1000 1000
534 164 354 1000 1000
533 163 353 1000 1000
532 162 352 1000 1000
531 161 351 1000 1000
530 160 350 1000 1000
529 159 349 1000 1000
528 158 348 1000 1000
527 157 347 1000 1000
526 156 346 1000 1000
525 155 345 1000 1000
524 154 344 1000 1000
523 153 343 1000 1000
522 152 342 1000 1000
521 151 341 1000 1000
520 150 340 1000 1000
519 149 339 1000 1000
518 148 338 1000 1000
517 147 337 1000 1000
516 146 336 1000 1000
515 145 335 1000 1000
514 144 334 1000 1000
513 143 333 1000 1000
512 142 332 1000 1000
511 141 331 1000 1000
510 140 330 1000 1000
509 139 329 1000 1000
508 138 328 1000 1000
507 137 327 1000 1000
506 136 326 1000 1000
505 135 325 1000 1000
504 134 324 1000 1000
503 133 323 1000 1000
502 132 322 1000 1000
501 131 321 1000 1000
500 130 320 1000 1000
499 129 319 1000 1000
498 128 318 1000 1000
497 127 317 1000 1000
496 126 316 1000 1000
495 125 315 1000 1000
494 124 314 1000 1000
493 123 313 1000 1000
492 122 312 1000 1000
491 121 311 1000 1000
490 120 310 1000 1000
489 119 309 1000 1000
488 118 308 1000 1000
487 117 307 1000 1000
486 116 306 1000 1000
485 115 305 1000 1000
484 114 304 1000 1000
483 113 303 1000 1000
482 112 302 1000 1000
481 111 301 1000 1000
480 110 300 1000 1000
479 109 299 1000 1000
478 108 298 1000 1000
477 107 297 1000 1000
476 106 296 1000 1000
475 105 295 1000 1000
474 104 294 1000 1000
473 103 293 1000 1000
472 102 292 1000 1000
471 101 291 1000 1000
470 100 290 1000 1000
469 99 289 1000 1000
468 98 288 1000 1000
467 97 287 1000 1000
466 96 286 1000 1000
465 95 285 1000 1000
464 94 284 1000 1000
463 93 283 1000 1000
462 92 282 1000 1000
461 91 281 1000 1000
460 90 280 1000 1000
459 89 279 1000 1000
458 88 278 1000 1000
457 87 277 1000 1000
456 86 276 1000 1000
455 85 275 1000 1000
454 84 274 1000 1000
453 83 273 1000 1000
452 82 272 1000 1000
451 81 271 1000 1000
450 80 270 1000 1000
449 79 269 1000 1000
448 78 268 1000 1000
447 77 267 1000 1000
446 76 266 1000 1000
445 75 265 1000 1000
444 74 264 1000 1000
443 73 263 1000 1000
442 72 262 1000 1000
441 71 261 1000 1000
440 70 260 1000 1000
439 69 259 1000 1000
438 68 258 1000 1000
437 67 257 1000 1000
436 66 256 1000 1000
435 65 255 1000 1000
434 64 254 1000 1000
433 63 253 1000 1000
432 62 252 1000 1000
431 61 251 1000 1000
430 60 250 1000 1000
429 59 249 1000 1000
428 58 248 1000 1000
427 57 247 1000 1000
426 56 246 1000 1000
425 55 245 1000 1000
424 54 244 1000 1000
423 53 243 1000 1000
422 52 242 1000 1000
421 51 241 1000 1000
420 50 240 1000 1000
419 49 239 1000 1000
418 48 238 1000 1000
417 47 237 1000 1000
416 46 236 1000 1000
415 45 235 1000 1000
414 44 234 1000 1000
413 43 233 1000 1000
412 42 232 1000 1000
411 41 231 1000 1000
410 40 230 1000 1000
409 39 229 1000 1000
408 38 228 1000 1000
407 37 227 1000 1000
406 36 226 1000 1000
405 35 225 1000 1000
404 34 224 1000 1000
403 33 223 1000 1000
402 32 222 1000 1000
401 31 221 1000 1000
400 30 220 1000 1000
399 29 219 1000 1000
398 28 218 1000 1000
397 27 217 1000 1000
396 26 216 1000 1000
395 25 215 1000 1000
394 24 214 1000 1000
393 23 213 1000 1000
392 22 212 1000 1000
391 21 211 1000 1000
390 20 210 1000 1000
389 19 209 1000 1000
388 18 208 1000 1000
387 17 207 1000 1000
386 16 206 1000 1000
385 15 205 1000 1000
384 14 204 1000 1000
383 13 203 1000 1000
382 12 202 1000 1000
381 11 201 1000 1000
380 10 200 1000 1000
379 9 199 1000 1000
378 8 198 1000 1000
377 7 197 1000 1000
376 6 196 1000 1000
375 5 195 1000 1000
374 4 194 1000 1000
373 3 193 1000 1000
372 2 192 1000 1000
371 1 191 1000 1000
370 0 190 1000 1000
369 199 189 1000 1000
368 198 188 1000 1000
367 197 187 1000 1000
366 196 186 1000 1000
365 195 185 1000 1000
364 194 184 1000 1000
363 193 183 1000 1000
362 192 182 1000 1000
361 191 181 1000 1000
360 190 180 1000 1000
359 189 179 1000 1000
358 188 178 1000 1000
357 187 177 1000 1000
356 186 176 1000 1000
355 185 175 1000 1000
354 184 174 1000 1000
353 183 173 1000 1000
352 182 172 1000 1000
351 181 171 1000 1000
350 180 170 1000 1000
349 179 169 1000 1000
348 178 168 1000 1000
347 177 167 1000 1000
346 176 166 1000 1000
345 175 165 1000 1000
344 174 164 1000 1000
343 173 163 1000 1000
342 172 162 1000 1000
341 171 161 1000 1000
340 170 160 1000 1000
339 169 159 1000 1000
338 168 158 1000 1000
337 167 157 1000 1000
336 166 156 1000 1000
335 165 155 1000 1000
334 164 154 1000 1000
333 163 153 1000 1000
332 162 152 1000 1000
331 161 151 1000 1000
330 160 150 1000 1000
329 159 149 1000 1000
328 158 148 1000 1000
327 157 147 1000 1000
326 156 146 1000 1000
325 155 145 1000 1000
324 154 144 1000 1000
323 153 143 1000 1000
322 152 142 1000 1000
321 151 141 1000 1000
320 150 140 1000 1000
319 149 139 1000 1000
318 148 138 1000 1000
317 147 137 1000 1000
316 146 136 1000 1000
315 145 135 1000 1000
314 144 134 1000 1000
313 143 133 1000 1000
312 142 132 1000 1000
311 141 131 1000 1000
310 140 130 1000 1000
309 139 129 1000 1000
308 138 128 1000 1000
307 137 127 1000 1000
306 136 126 1000 1000
305 135 125 1000 1000
304 134 124 1000 1000
303 133 123 1000 1000
302 132 122 1000 1000
301 131 121 1000 1000
300 130 120 1000 1000
299 129 119 1000 1000
298 128 118 1000 1000
297 127 117 1000 1000
296 126 116 1000 1000
295 125 115 1000 1000
294 124 114 1000 1000
293 123 113 1000 1000
292 122 112 1000 1000
291 121 111 1000 1000
290 120 110 1000 1000
289 119 109 1000 1000
288 118 108 1000 1000
287 117 107 1000 1000
286 116 106 1000 1000
285 115 105 1000 1000
284 114 104 1000 1000
283 113 103 1000 1000
282 112 102 1000 1000
281 111 101 1000 1000
280 110 100 1000 1000
279 109 99 1000 1000
278 108 98 1000 1000
277 107 97 1000 1000
276 106 96 1000 1000
275 105 95 1000 1000
274 104 94 1000 1000
273 103 93 1000 1000
272 102 92 1000 1000
271 101 91 1000 1000
270 100 90 1000 1000
269 99 89 1000 1000
268 98 88 1000 1000
267 97 87 1000 1000
266 96 86 1000 1000
265 95 85 1000 1000
264 94 84 1000 1000
263 93 83 1000 1000
262 92 82 1000 1000
261 91 81 1000 1000
260 90 80 1000 1000
259 89 79 1000 1000
258 88 78 1000 1000
257 87 77 1000 1000
256 86 76 1000 1000
255 85 75 1000 1000
254 84 74 1000 1000
253 83 73 1000 1000
252 82 72 1000 1000
251 81 71 1000 1000
250 80 70 1000 1000
249 79 69 1000 1000
248 78 68 1000 1000
247 77 67 1000 1000
246 76 66 1000 1000
245 75 65 1000 1000
244 74 64 1000 1000
243 73 63 1000 1000
242 72 62 1000 1000
241 71 61 1000 1000
240 70 60 1000 1000
239 69 59 1000 1000
238 68 58 1000 1000
237 67 57 1000 1000
236 66 56 1000 1000
235 65 55 1000 1000
234 64 54 1000 1000
233 63 53 1000 1000
232 62 52 1000 1000
231 61 51 1000 1000
230 60 50 1000 1000
229 59 49 1000 1000
228 58 48 1000 1000
227 57 47 1000 1000
226 56 46 1000 1000
225 55 45 1000 1000
224 54 44 1000 1000
223 53 43 1000 1000
222 52 42 1000 1000
221 51 41 1000 1000
220 50 40 1000 1000
219 49 39 1000 1000
218 48 38 1000 1000
217 47 37 1000 1000
216 46 36 1000 1000
215 45 35 1000 1000
214 44 34 1000 1000
213 43 33 1000 1000
212 42 32 1000 1000
211 41 31 1000 1000
210 40 30 1000 1000
209 39 29 1000 1000
208 38 28 1000 1000
207 37 27 1000 1000
206 36 26 1000 1000
205 35 25 1000 1000
204 34 24 1000 1000
203 33 23 1000 1000
202 32 22 1000 1000
201 31 21 1000 1000
200 30 20 1000 1000
199 29 19 1000 1000
198 28 18 1000 1000
197 27 17 1000 1000
196 26 16 1000 1000
195 25 15 1000 1000
194 24 14 1000 1000
193 23 13 1000 1000
192 22 12 1000 1000
191 21 11 1000 1000
190 20 10 1000 1000
189 19 9 1000 1000
188 18 8 1000 1000
187 17 7 1000 1000
186 16 6 1000 1000
185 15 5 1000 1000
184 14 4 1000 1000
183 13 3 1000 1000
182 12 2 1000 1000
181 11 1 1000 1000
180 10 0 1000 1000
179 9 1349 1000 1000
178 8 1348 1000 1000
177 7 1347 1000 1000
176 6 1346 1000 1000
175 5 1345 1000 1000
174 4 1344 1000 1000
173 3 1343 1000 1000
172 2 1342 1000 1000
171 1 1341 1000 1000
170 0 1340 1000 1000
169 799 1339 1000 1000
168 798 1338 1000 1000
167 797 1337 1000 1000
166 796 1336 1000 1000
165 795 1335 1000 1000
164 794 1334 1000 1000
163 793 1333 1000 1000
162 792 1332 1000 1000
161 791 1331 1000 1000
160 790 1330 1000 1000
159 789 1329 1000 1000
158 788 1328 1000 1000
157 787 1327 1000 1000
156 786 1326 1000 1000
155 785 1325 1000 1000
154 784 1324 1000 1000
153 783 1323 1000 1000
152 782 1322 1000 1000
151 781 1321 1000 1000
150 780 1320 1000 1000
149 779 1319 1000 1000
148 778 1318 1000 1000
147 777 1317 1000 1000
146 776 1316 1000 1000
145 775 1315 1000 1000
144 774 1314 1000 1000
143 773 1313 1000 1000
142 772 1312 1000 1000
141 771 1311 1000 1000
140 770 1310 1000 1000
139 769 1309 1000 1000
138 768 1308 1000 1000
137 767 1307 1000 1000
136 766 1306 1000 1000
135 765 1305 1000 1000
134 764 1304 1000 1000
133 763 1303 1000 1000
132 762 1302 1000 1000
131 761 1301 1000 1000
130 760 1300 1000 1000
129 759 1299 1000 1000
128 758 1298 1000 1000
127 757 1297 1000 1000
126 756 1296 1000 1000
125 755 1295 1000 1000
124 754 1294 1000 1000
123 753 1293 1000 1000
122 752 1292 1000 1000
121 751 1291 1000 1000
120 750 1290 1000 1000
119 749 1289 1000 1000
118 748 1288 1000 1000
117 747 1287 1000 1000
116 746 1286 1000 1000
115 745 1285 1000 1000
114 744 1284 1000 1000
113 743 1283 1000 1000
112 742 1282 1000 1000
111 741 1281 1000 1000
110 740 1280 1000 1000
109 739 1279 1000 1000
108 738 1278 1000 1000
107 737 1277 1000 1000
106 736 1276 1000 1000
105 735 1275 1000 1000
104 734 1274 1000 1000
103 733 1273 1000 1000
102 732 1272 1000 1000
101 731 1271 1000 1000
100 730 1270 1000 1000
99 729 1269 1000 1000
98 728 1268 1000 1000
97 727 1267 1000 1000
96 726 1266 1000 1000
95 725 1265 1000 1000
94 724 1264 1000 1000
93 723 1263 1000 1000
92 722 1262 1000 1000
91 721 1261 1000 1000
90 720 1260 1000 1000
89 719 1259 1000 1000
88 718 1258 1000 1000
87 717 1257 1000 1000
86 716 1256 1000 1000
85 715 1255 1000 1000
84 714 1254 1000 1000
83 713 1253 1000 1000
82 712 1252 1000 1000
81 711 1251 1000 1000
80 710 1250 1000 1000
79 709 1249 1000 1000
78 708 1248 1000 1000
77 707 1247 1000 1000
76 706 1246 1000 1000
75 705 1245 1000 1000
74 704 1244 1000 1000
73 703 1243 1000 1000
72 702 1242 1000 1000
71 701 1241 1000 1000
70 700 1240 1000 1000
69 699 1239 1000 1000
68 698 1238 1000 1000
67 697 1237 1000 1000
66 696 1236 1000 1000
65 695 1235 1000 1000
64 694 1234 1000 1000
63 693 1233 1000 1000
62 692 1232 1000 1000
61 691 1231 1000 1000
60 690 1230 1000 1000
59 689 1229 1000 1000
58 688 1228 1000 1000
57 687 1227 1000 1000
56 686 1226 1000 1000
55 685 1225 1000 1000
54 684 1224 1000 1000
53 683 1223 1000 1000
52 682 1222 1000 1000
51 681 1221 1000 1000
50 680 1220 1000 1000
49 679 1219 1000 1000
48 678 1218 1000 1000
47 677 1217 1000 1000
46 676 1216 1000 1000
45 675 1215 1000 1000
44 674 1214 1000 1000
43 673 1213 1000 1000
42 672 1212 1000 1000
41 671 1211 1000 1000
40 670 1210 1000 1000
39 669 1209 1000 1000
38 668 1208 1000 1000
37 667 1207 1000 1000
36 666 1206 1000 1000
35 665 1205 1000 1000
34 664 1204 1000 1000
33 663 1203 1000 1000
32 662 1202 1000 1000
31 661 1201 1000 1000
30 660 1200 1000 1000
29 659 1199 1000 1000
28 658 1198 1000 1000
27 657 1197 1000 1000
26 656 1196 1000 1000
25 655 1195 1000 1000
24 654 1194 1000 1000
23 653 1193 1000 1000
22 652 1192 1000 1000
21 651 1191 1000 1000
20 650 1190 1000 1000
19 649 1189 1000 1000
18 648 1188 1000 1000
17 647 1187 1000 1000
16 646 1186 1000 1000
15 645 1185 1000 1000
14 644 1184 1000 1000
13 643 1183 1000 1000
12 642 1182 1000 1000
11 641 1181 1000 1000
10 640 1180 1000 1000
9 639 1179 1000 1000
8 638 1178 1000 1000
7 637 1177 1000 1000
6 636 1176 1000 1000
5 635 1175 1000 1000
4 634 1174 1000 1000
3 633 1173 1000 1000
2 632 1172 1000 1000
1 631 1171 1000 1000
0 630 1170 1000 1000
579 629 1169 1000 1000
578 628 1168 1000 1000
577 627 1167 1000 1000
576 626 1166 1000 1000
575 625 1165 1000 1000
574 624 1164 1000 1000
573 623 1163 1000 1000
572 622 1162 1000 1000
571 621 1161 1000 1000
570 620 1160 1000 1000
569 619 1159 1000 1000
568 618 1158 1000 1000
567 617 1157 1000 1000
566 616 1156 1000 1000
565 615 1155 1000 1000
564 614 1154 1000 1000
563 613 1153 1000 1000
562 612 1152 1000 1000
561 611 1151 1000 1000
560 610 1150 1000 1000
559 609 1149 1000 1000
558 608 1148 1000 1000
557 607 1147 1000 1000
556 606 1146 1000 1000
555 605 1145 1000 1000
554 604 1144 1000 1000
553 603 1143 1000 1000
552 602 1142 1000 1000
551 601 1141 1000 1000
550 600 1140 1000 1000
549 599 1139 1000 1000
548 598 1138 1000 1000
547 597 1137 1000 1000
546 596 1136 1000 1000
545 595 1135 1000 1000
544 594 1134 1000 1000
543 593 1133 1000 1000
542 592 1132 1000 1000
541 591 1131 1000 1000
540 590 1130 1000 1000
539 589 1129 1000 1000
538 588 1128 1000 1000
537 587 1127 1000 1000
536 586 1126 1000 1000
535 585 1125 1000 1000
534 584 1124 1000 1000
533 583 1123 1000 1000
532 582 1122 1000 1000
531 581 1121 1000 1000
530 580 1120 1000 1000
529 579 1119 1000 1000
528 578 1118 1000 1000
527 577 1117 1000 1000
526 576 1116 1000 1000
525 575 1115 1000 1000
524 574 1114 1000 1000
523 573 1113 1000 1000
522 572 1112 1000 1000
521 571 1111 1000 1000
520 570 1110 1000 1000
519 569 1109 1000 1000
518 568 1108 1000 1000
517 567 1107 1000 1000
516 566 1106 1000 1000
515 565 1105 1000 1000
514 564 1104 1000 1000
513 563 1103 1000 1000
512 562 1102 1000 1000
511 561 1101 1000 1000
510 560 1100 1000 1000
509 559 1099 1000 1000
508 558 1098 1000 1000
507 557 1097 1000 1000
506 556 1096 1000 1000
505 555 1095 1000 1000
504 554 1094 1000 1000
503 553 1093 1000 1000
502 552 1092 1000 1000
501 551 1091 1000 1000
500 550 1090 1000 1000
499 549 1089 1000 1000
498 548 1088 1000 1000
497 547 1087 1000 1000
496 546 1086 1000 1000
495 545 1085 1000 1000
494 544 1084 1000 1000
493 543 1083 1000 1000
492 542 1082 1000 1000
491 541 1081 1000 1000
490 540 1080 1000 1000
489 539 1079 1000 1000
488 538 1078 1000 1000
487 537 1077 1000 1000
486 536 1076 1000 1000
485 535 1075 1000 1000
484 534 1074 1000 1000
483 533 1073 1000 1000
482 532 1072 1000 1000
481 531 1071 1000 1000
480 530 1070 1000 1000
479 529 1069 1000 1000
478 528 1068 1000 1000
477 527 1067 1000 1000
476 526 1066 1000 1000
475 525 1065 1000 1000
474 524 1064 1000 1000
473 523 1063 1000 1000
472 522 1062 1000 1000
471 521 1061 1000 1000
470 520 1060 1000 1000
469 519 1059 1000 1000
468 518 1058 1000 1000
467 517 1057 1000 1000
466 516 1056 1000 1000
465 515 1055 1000 1000
464 514 1054 1000 1000
463 513 1053 1000 1000
462 512 1052 1000 1000
461 511 1051 1000 1000
460 510 1050 1000 1000
459 509 1049 1000 1000
458 508 1048 1000 1000
457 507 1047 1000 1000
456 506 1046 1000 1000
455 505 1045 1000 1000
454 504 1044 1000 1000
453 503 1043 1000 1000
452 502 1042 1000 1000
451 501 1041 1000 1000
450 500 1040 1000 1000
449 499 1039 1000 1000
448 498 1038 1000 1000
447 497 1037 1000 1000
446 496 1036 1000 1000
445 495 1035 1000 1000
444 494 1034 1000 1000
443 493 1033 1000 1000
442 492 1032 1000 1000
441 491 1031 1000 1000
440 490 1030 1000 1000
439 489 1029 1000 1000
438 488 1028 1000 1000
437 487 1027 1000 1000
436 486 1026 1000 1000
435 485 1025 1000 1000
434 484 1024 1000 1000
433 483 1023 1000 1000
432 482 1022 1000 1000
431 481 1021 1000 1000
430 480 1020 1000 1000
429 479 1019 1000 1000
428 478 1018 1000 1000
427 477 1017 1000 1000
426 476 1016 1000 1000
425 475 1015 1000 1000
424 474 1014 1000 1000
423 473 1013 1000 1000
422 472 1012 1000 1000
421 471 1011 1000 1000
420 470 1010 1000 1000
419 469 1009 1000 1000
418 468 1008 1000 1000
417 467 1007 1000 1000
416 466 1006 1000 1000
415 465 1005 1000 1000
414 464 1004 1000 1000
413 463 1003 1000 1000
412 462 1002 1000 1000
411 461 1001 1000 1000
410 460 1000 1000 1000
409 459 999 1000 1000
408 458 998 1000 1000
407 457 997 1000 1000
406 456 996 1000 1000
405 455 995 1000 1000
404 454 994 1000 1000
403 453 993 1000 1000
402 452 992 1000 1000
401 451 991 1000 1000
400 450 990 1000 1000
399 449 989 1000 1000
398 448 988 1000 1000
397 447 987 1000 1000
396 446 986 1000 1000
395 445 985 1000 1000
394 444 984 1000 1000
393 443 983 1000 1000
392 442 982 1000 1000
391 441 981 1000 1000
390 440 980 1000 1000
389 439 979 1000 1000
388 438 978 1000 1000
387 437 977 1000 1000
386 436 976 1000 1000
385 435 975 1000 1000
384 434 974 1000 1000
383 433 973 1000 1000
382 432 972 1000 1000
381 431 971 1000 1000
380 430 970 1000 1000
379 429 969 1000 1000
378 428 968 1000 1000
377 427 967 1000 1000
376 426 966 1000 1000
375 425 965 1000 1000
374 424 964 1000 1000
373 423 963 1000 1000
372 422 962 1000 1000
371 421 961 1000 1000
370 420 960 1000 1000
369 419 959 1000 1000
368 418 958 1000 1000
367 417 957 1000 1000
366 416 956 1000 1000
365 415 955 1000 1000
364 414 954 1000 1000
363 413 953 1000 1000
362 412 952 1000 1000
361 411 951 1000 1000
360 410 950 1000 1000
359 409 949 1000 1000
358 408 948 1000 1000
357 407 947 1000 1000
356 406 946 1000 1000
355 405 945 1000 1000
354 404 944 1000 1000
353 403 943 1000 1000
352 402 942 1000 1000
351 401 941 1000 1000
350 400 940 1000 1000
349 399 939 1000 1000
348 398 938 1000 1000
347 397 937 1000 1000
346 396 936 1000 1000
345 395 935 1000 1000
344 394 934 1000 1000
343 393 933 1000 1000
342 392 932 1000 1000
341 391 931 1000 1000
340 390 930 1000 1000
339 389 929 1000 1000
338 388 928 1000 1000
337 387 927 1000 1000
336 386 926 1000 1000
335 385 925 1000 1000
334 384 924 1000 1000
333 383 923 1000 1000
332 382 922 1000 1000
331 381 921 1000 1000
330 380 920 1000 1000
329 379 919 1000 1000
328 378 918 1000 1000
327 377 917 1000 1000
326 376 916 1000 1000
325 375 915 1000 1000
324 374 914 1000 1000
323 373 913 1000 1000
322 372 912 1000 1000
321 371 911 1000 1000
320 370 910 1000 1000
319 369 909 1000 1000
318 368 908 1000 1000
317 367 907 1000 1000
316 366 906 1000 1000
315 365 905 1000 1000
314 364 904 1000 1000
313 363 903 1000 1000
312 362 902 1000 1000
311 361 901 1000 1000
310 360 900 1000 1000
309 359 899 1000 1000
308 358 898 1000 1000
307 357 897 1000 1000
306 356 896 1000 1000
305 355 895 1000 1000
304 354 894 1000 1000
303 353 893 1000 1000
302 352 892 1000 1000
301 351 891 1000 1000
300 350 890 1000 1000
299 349 889 1000 1000
298 348 888 1000 1000
297 347 887 1000 1000
296 346 886 1000 1000
295 345 885 1000 1000
294 344 884 1000 1000
293 343 883 1000 1000
292 342 882 1000 1000
291 341 881 1000 1000
290 340 880 1000 1000
289 339 879 1000 1000
288 338 878 1000 1000
287 337 877 1000 1000
286 336 876 1000 1000
285 335 875 1000 1000
284 334 874 1000 1000
283 333 873 1000 1000
282 332 872 1000 1000
281 331 871 1000 1000
280 330 870 1000 1000
279 329 869 1000 1000
278 328 868 1000 1000
277 327 867 1000 1000
276 326 866 1000 1000
275 325 865 1000 1000
274 324 864 1000 1000
273 323 863 1000 1000
272 322 862 1000 1000
271 321 861 1000 1000
270 320 860 1000 1000
269 319 859 1000 1000
268 318 858 1000 1000
267 317 857 1000 1000
266 316 856 1000 1000
265 315 855 1000 1000
264 314 854 1000 1000
263 313 853 1000 1000
262 312 852 1000 1000
261 311 851 1000 1000
260 310 850 1000 1000
259 309 849 1000 1000
258 308 848 1000 1000
257 307 847 1000 1000
256 306 846 1000 1000
255 305 845 1000 1000
254 304 844 1000 1000
253 303 843 1000 1000
252 302 842 1000 1000
251 301 841 1000 1000
250 300 840 1000 1000
249 299 839 1000 1000
248 298 838 1000 1000
247 297 837 1000 1000
246 296 836 1000 1000
245 295 835 1000 1000
244 294 834 1000 1000
243 293 833 1000 1000
242 292 832 1000 1000
241 291 831 1000 1000
240 290 830 1000 1000
239 289 829 1000 1000
238 288 828 1000 1000
237 287 827 1000 1000
236 286 826 1000 1000
235 285 825 1000 1000
234 284 824 1000 1000
233 283 823 1000 1000
232 282 822 1000 1000
231 281 821 1000 1000
230 280 820 1000 1000
229 279 819 1000 1000
228 278 818 1000 1000
227 277 817 1000 1000
226 276 816 1000 1000
225 275 815 1000 1000
224 274 814 1000 1000
223 273 813 1000 1000
222 272 812 1000 1000
221 271 811 1000 1000
220 270 810 1000 1000
219 269 809 1000 1000
218 268 808 1000 1000
217 267 807 1000 1000
216 266 806 1000 1000
215 265 805 1000 1000
214 264 804 1000 1000
213 263 803 1000 1000
212 262 802 1000 1000
211 261 801 1000 1000
210 260 800 1000 1000
209 259 799 1000 1000
208 258 798 1000 1000
207 257 797 1000 1000
206 256 796 1000 1000
205 255 795 1000 1000
204 254 794 1000 1000
203 253 793 1000 1000
202 252 792 1000 1000
201 251 791 1000 1000
200 250 790 1000 1000
199 249 789 1000 1000
198 248 788 1000 1000
197 247 787 1000 1000
196 246 786 1000 1000
195 245 785 1000 1000
194 244 784 1000 1000
193 243 783 1000 1000
192 242 782 1000 1000
191 241 781 1000 1000
190 240 780 1000 1000
189 239 779 1000 1000
188 238 778 1000 1000
187 237 777 1000 1000
186 236 776 1000 1000
185 235 775 1000 1000
184 234 774 1000 1000
183 233 773 1000 1000
182 232 772 1000 1000
181 231 771 1000 1000
180 230 770 1000 1000
179 229 769 1000 1000
178 228 768 1000 1000
177 227 767 1000 1000
176 226 766 1000 1000
175 225 765 1000 1000
174 224 764 1000 1000
173 223 763 1000 1000
172 222 762 1000 1000
171 221 761 1000 1000
170 220 760 1000 1000
169 219 759 1000 1000
168 218 758 1000 1000
167 217 757 1000 1000
166 216 756 1000 1000
165 215 755 1000 1000
164 214 754 1000 1000
163 213 753 1000 1000
162 212 752 1000 1000
161 211 751 1000 1000
160 210 750 1000 1000
159 209 749 1000 1000
158 208 748 1000 1000
157 207 747 1000 1000
156 206 746 1000 1000
155 205 745 1000 1000
154 204 744 1000 1000
153 203 743 1000 1000
152 202 742 1000 1000
151 201 741 1000 1000
150 200 740 1000 1000
149 199 739 1000 1000
148 198 738 1000 1000
147 197 737 1000 1000
146 196 736 1000 1000
145 195 735 1000 1000
144 194 734 1000 1000
143 193 733 1000 1000
142 192 732 1000 1000
141 191 731 1000 1000
140 190 730 1000 1000
139 189 729 1000 1000
138 188 728 1000 1000
137 187 727 1000 1000
136 186 726 1000 1000
135 185 725 1000 1000
134 184 724 1000 1000
133 183 723 1000 1000
132 182 722 1000 1000
131 181 721 1000 1000
130 180 720 1000 1000
129 179 719 1000 1000
128 178 718 1000 1000
127 177 717 1000 1000
126 176 716 1000 1000
125 175 715 1000 1000
124 174 714 1000 1000
123 173 713 1000 1000
122 172 712 1000 1000
121 171 711 1000 1000
120 170 710 1000 1000
119 169 709 1000 1000
118 168 708 1000 1000
117 167 707 1000 1000
116 166 706 1000 1000
115 165 705 1000 1000
114 164 704 1000 1000
113 163 703 1000 1000
112 162 702 1000 1000
111 161 701 1000 1000
110 160 700 1000 1000
109 159 699 1000 1000
108 158 698 1000 1000
107 157 697 1000 1000
106 156 696 1000 1000
105 155 695 1000 1000
104 154 694 1000 1000
103 153 693 1000 1000
102 152 692 1000 1000
101 151 691 1000 1000
100 150 690 1000 1000
99 149 689 1000 1000
98 148 688 1000 1000
97 147 687 1000 1000
96 146 686 1000 1000
95 145 685 1000 1000
94 144 684 1000 1000
93 143 683 1000 1000
92 142 682 1000 1000
91 141 681 1000 1000
90 140 680 1000 1000
89 139 679 1000 1000
88 138 678 1000 1000
87 137 677 1000 1000
86 136 676 1000 1000
85 135 675 1000 1000
84 134 674 1000 1000
83 133 673 1000 1000
82 132 672 1000 1000
81 131 671 1000 1000
80 130 670 1000 1000
79 129 669 1000 1000
78 128 668 1000 1000
77 127 667 1000 1000
76 126 666 1000 1000
75 125 665 1000 1000
74 124 664 1000 1000
73 123 663 1000 1000
72 122 662 1000 1000
71 121 661 1000 1000
70 120 660 1000 1000
69 119 659 1000 1000
68 118 658 1000 1000
67 117 657 1000 1000
66 116 656 1000 1000
65 115 655 1000 1000
64 114 654 1000 1000
63 113 653 1000 1000
62 112 652 1000 1000
61 111 651 1000 1000
60 110 650 1000 1000
59 109 649 1000 1000
58 108 648 1000 1000
57 107 647 1000 1000
56 106 646 1000 1000
55 105 645 1000 1000
54 104 644 1000 1000
53 103 643 1000 1000
52 102 642 1000 1000
51 101 641 1000 1000
50 100 640 1000 1000
49 99 639 1000 1000
48 98 638 1000 1000
47 97 637 1000 1000
46 96 636 1000 1000
45 95 635 1000 1000
44 94 634 1000 1000
43 93 633 1000 1000
42 92 632 1000 1000
41 91 631 1000 1000
40 90 630 1000 1000
39 89 629 1000 1000
38 88 628 1000 1000
37 87 627 1000 1000
36 86 626 1000 1000
35 85 625 1000 1000
34 84 624 1000 1000
33 83 623 1000 1000
32 82 622 1000 1000
31 81 621 1000 1000
30 80 620 1000 1000
29 79 619 1000 1000
28 78 618 1000 1000
27 77 617 1000 1000
26 76 616 1000 1000
25 75 615 1000 1000
24 74 614 1000 1000
23 73 613 1000 1000
22 72 612 1000 1000
21 71 611 1000 1000
20 70 610 1000 1000
19 69 609 1000 1000
18 68 608 1000 1000
17 67 607 1000 1000
16 66 606 1000 1000
15 65 605 1000 1000
14 64 604 1000 1000
13 63 603 1000 1000
12 62 602 1000 1000
11 61 601 1000 1000
10 60 600 1000 1000
9 59 599 1000 1000
8 58 598 1000 1000
7 57 597 1000 1000
6 56 596 1000 1000
5 55 595 1000 1000
4 54 594 1000 1000
3 53 593 1000 1000
2 52 592 1000 1000
1 51 591 1000 1000
0 50 590 1000 1000
1000 49 589 1000 1000
1000 48 588 1000 1000
1000 47 587 1000 1000
1000 46 586 1000 1000
1000 45 585 1000 1000
1000 44 584 1000 1000
1000 43 583 1000 1000
1000 42 582 1000 1000
1000 41 581 1000 1000
1000 40 580 1000 1000
1000 39 579 1000 1000
1000 38 578 1000 1000
1000 37 577 1000 1000
1000 36 576 1000 1000
1000 35 575 1000 1000
1000 34 574 1000 1000
1000 33 573 1000 1000
1000 32 572 1000 1000
1000 31 571 1000 1000
1000 30 570 1000 1000
1000 29 569 1000 1000
1000 28 568 1000 1000
1000 27 567 1000 1000
1000 26 566 1000 1000
1000 25 565 1000 1000
1000 24 564 1000 1000
1000 23 563 1000 1000
1000 22 562 1000 1000
1000 21 561 1000 1000
1000 20 560 1000 1000
1000 19 559 1000 1000
1000 18 558 1000 1000
1000 17 557 1000 1000
1000 16 556 1000 1000
1000 15 555 1000 1000
1000 14 554 1000 1000
1000 13 553 1000 1000
1000 12 552 1000 1000
1000 11 551 1000 1000
1000 10 550 1000 1000
1000 9 549 1000 1000
1000 8 548 1000 1000
1000 7 547 1000 1000
1000 6 546 1000 1000
1000 5 545 1000 1000
1000 4 544 1000 1000
1000 3 543 1000 1000
1000 2 542 1000 1000
1000 1 541 1000 1000
1000 0 540 1000 1000
1000 599 539 1000 1000
1000 598 538 1000 1000
1000 597 537 1000 1000
1000 596 536 1000 1000
1000 595 535 1000 1000
1000 594 534 1000 1000
1000 593 533 1000 1000
1000 592 532 1000 1000
1000 591 531 1000 1000
1000 590 530 1000 1000
1000 589 529 1000 1000
1000 588 528 1000 1000
1000 587 527 1000 1000
1000 586 526 1000 1000
1000 585 525 1000 1000
1000 584 524 1000 1000
1000 583 523 1000 1000
1000 582 522 1000 1000
1000 581 521 1000 1000
1000 580 520 1000 1000
1000 579 519 1000 1000
1000 578 518 1000 1000
1000 577 517 1000 1000
1000 576 516 1000 1000
1000 575 515 1000 1000
1000 574 514 1000 1000
1000 573 513 1000 1000
1000 572 512 1000 1000
1000 571 511 1000 1000
1000 570 510 1000 1000
1000 569 509 1000 1000
1000 568 508 1000 1000
1000 567 507 1000 1000
1000 566 506 1000 1000
1000 565 505 1000 1000
1000 564 504 1000 1000
1000 563 503 1000 1000
1000 562 502 1000 1000
1000 561 501 1000 1000
1000 560 500 1000 1000
1000 559 499 1000 1000
1000 558 498 1000 1000
1000 557 497 1000 1000
1000 556 496 1000 1000
1000 555 495 1000 1000
1000 554 494 1000 1000
1000 553 493 1000 1000
1000 552 492 1000 1000
1000 551 491 1000 1000
1000 550 490 1000 1000
1000 549 489 1000 1000
1000 548 488 1000 1000
1000 547 487 1000 1000
1000 546 486 1000 1000
1000 545 485 1000 1000
1000 544 484 1000 1000
1000 543 483 1000 1000
1000 542 482 1000 1000
1000 541 481 1000 1000
1000 540 480 1000 1000
1000 539 479 1000 1000
1000 538 478 1000 1000
1000 537 477 1000 1000
1000 536 476 1000 1000
1000 535 475 1000 1000
1000 534 474 1000 1000
1000 533 473 1000 1000
1000 532 472 1000 1000
1000 531 471 1000 1000
1000 530 470 1000 1000
1000 529 469 1000 1000
1000 528 468 1000 1000
1000 527 467 1000 1000
1000 526 466 1000 1000
1000 525 465 1000 1000
1000 524 464 1000 1000
1000 523 463 1000 1000
1000 522 462 1000 1000
1000 521 461 1000 1000
1000 520 460 1000 1000
1000 519 459 1000 1000
1000 518 458 1000 1000
1000 517 457 1000 1000
1000 516 456 1000 1000
1000 515 455 1000 1000
1000 514 454 1000 1000
1000 513 453 1000 1000
1000 512 452 1000 1000
1000 511 451 1000 1000
1000 510 450 1000 1000
1000 509 449 1000 1000
1000 508 448 1000 1000
1000 507 447 1000 1000
1000 506 446 1000 1000
1000 505 445 1000 1000
1000 504 444 1000 1000
1000 503 443 1000 1000
1000 502 442 1000 1000
1000 501 441 1000 1000
1000 500 440 1000 1000
1000 499 439 1000 1000
1000 498 438 1000 1000
1000 497 437 1000 1000
1000 496 436 1000 1000
1000 495 435 1000 1000
1000 494 434 1000 1000
1000 493 433 1000 1000
1000 492 432 1000 1000
1000 491 431 1000 1000
1000 490 430 1000 1000
1000 489 429 1000 1000
1000 488 428 1000 1000
1000 487 427 1000 1000
1000 486 426 1000 1000
1000 485 425 1000 1000
1000 484 424 1000 1000
1000 483 423 1000 1000
1000 482 422 1000 1000
1000 481 421 1000 1000
1000 480 420 1000 1000
1000 479 419 1000 1000
1000 478 418 1000 1000
1000 477 417 1000 1000
1000 476 416 1000 1000
1000 475 415 1000 1000
1000 474 414 1000 1000
1000 473 413 1000 1000
1000 472 412 1000 1000
1000 471 411 1000 1000
1000 470 410 1000 1000
1000 469 409 1000 1000
1000 468 408 1000 1000
1000 467 407 1000 1000
1000 466 406 1000 1000
1000 465 405 1000 1000
1000 464 404 1000 1000
1000 463 403 1000 1000
1000 462 402 1000 1000
1000 461 401 1000 1000
1000 460 400 1000 1000
1000 459 399 1000 1000
1000 458 398 1000 1000
1000 457 397 1000 1000
1000 456 396 1000 1000
1000 455 395 1000 1000
1000 454 394 1000 1000
1000 453 393 1000 1000
1000 452 392 1000 1000
1000 451 391 1000 1000
1000 450 390 1000 1000
1000 449 389 1000 1000
1000 448 388 1000 1000
1000 447 387 1000 1000
1000 446 386 1000 1000
1000 445 385 1000 1000
1000 444 384 1000 1000
1000 443 383 1000 1000
1000 442 382 1000 1000
1000 441 381 1000 1000
1000 440 380 1000 1000
1000 439 379 1000 1000
1000 438 378 1000 1000
1000 437 377 1000 1000
1000 436 376 1000 1000
1000 435 375 1000 1000
1000 434 374 1000 1000
1000 433 373 1000 1000
1000 432 372 1000 1000
1000 431 371 1000 1000
1000 430 370 1000 1000
1000 429 369 1000 1000
1000 428 368 1000 1000
1000 427 367 1000 1000
1000 426 366 1000 1000
1000 425 365 1000 1000
1000 424 364 1000 1000
1000 423 363 1000 1000
1000 422 362 1000 1000
1000 421 361 1000 1000
1000 420 360 1000 1000
1000 419 359 1000 1000
1000 418 358 1000 1000
1000 417 357 1000 1000
1000 416 356 1000 1000
1000 415 355 1000 1000
1000 414 354 1000 1000
1000 413 353 1000 1000
1000 412 352 1000 1000
1000 411 351 1000 1000
1000 410 350 1000 1000
1000 409 349 1000 1000
1000 408 348 1000 1000
1000 407 347 1000 1000
1000 406 346 1000 1000
1000 405 345 1000 1000
1000 404 344 1000 1000
1000 403 343 1000 1000
1000 402 342 1000 1000
1000 401 341 1000 1000
1000 400 340 1000 1000
1000 399 339 1000 1000
1000 398 338 1000 1000
1000 397 337 1000 1000
1000 396 336 1000 1000
1000 395 335 1000 1000
1000 394 334 1000 1000
1000 393 333 1000 1000
1000 392 332 1000 1000
1000 391 331 1000 1000
1000 390 330 1000 1000
1000 389 329 1000 1000
1000 388 328 1000 1000
1000 387 327 1000 1000
1000 386 326 1000 1000
1000 385 325 1000 1000
1000 384 324 1000 1000
1000 383 323 1000 1000
1000 382 322 1000 1000
1000 381 321 1000 1000
1000 380 320 1000 1000
1000 379 319 1000 1000
1000 378 318 1000 1000
1000 377 317 1000 1000
1000 376 316 1000 1000
1000 375 315 1000 1000
1000 374 314 1000 1000
1000 373 313 1000 1000
1000 372 312 1000 1000
1000 371 311 1000 1000
1000 370 310 1000 1000
1000 369 309 1000 1000
1000 368 308 1000 1000
1000 367 307 1000 1000
1000 366 306 1000 1000
1000 365 305 1000 1000
1000 364 304 1000 1000
1000 363 303 1000 1000
1000 362 302 1000 1000
1000 361 301 1000 1000
1000 360 300 1000 1000
1000 359 299 1000 1000
1000 358 298 1000 1000
1000 357 297 1000 1000
1000 356 296 1000 1000
1000 355 295 1000 1000
1000 354 294 1000 1000
1000 353 293 1000 1000
1000 352 292 1000 1000
1000 351 291 1000 1000
1000 350 290 1000 1000
1000 349 289 1000 1000
1000 348 288 1000 1000
1000 347 287 1000 1000
1000 346 286 1000 1000
1000 345 285 1000 1000
1000 344 284 1000 1000
1000 343 283 1000 1000
1000 342 282 1000 1000
1000 341 281 1000 1000
1000 340 280 1000 1000
1000 339 279 1000 1000
1000 338 278 1000 1000
1000 337 277 1000 1000
1000 336 276 1000 1000
1000 335 275 1000 1000
1000 334 274 1000 1000
1000 333 273 1000 1000
1000 332 272 1000 1000
1000 331 271 1000 1000
1000 330 270 1000 1000
1000 329 269 1000 1000
1000 328 268 1000 1000
1000 327 267 1000 1000
1000 326 266 1000 1000
1000 325 265 1000 1000
1000 324 264 1000 1000
1000 323 263 1000 1000
1000 322 262 1000 1000
1000 321 261 1000 1000
1000 320 260 1000 1000
1000 319 259 1000 1000
1000 318 258 1000 1000
1000 317 257 1000 1000
1000 316 256 1000 1000
1000 315 255 1000 1000
1000 314 254 1000 1000
1000 313 253 1000 1000
1000 312 252 1000 1000
1000 311 251 1000 1000
1000 310 250 1000 1000
1000 309 249 1000 1000
1000 308 248 1000 1000
1000 307 247 1000 1000
1000 306 246 1000 1000
1000 305 245 1000 1000
1000 304 244 1000 1000
1000 303 243 1000 1000
1000 302 242 1000 1000
1000 301 241 1000 1000
1000 300 240 1000 1000
1000 299 239 1000 1000
1000 298 238 1000 1000
1000 297 237 1000 1000
1000 296 236 1000 1000
1000 295 235 1000 1000
1000 294 234 1000 1000
1000 293 233 1000 1000
1000 292 232 1000 1000
1000 291 231 1000 1000
1000 290 230 1000 1000
1000 289 229 1000 1000
1000 288 228 1000 1000
1000 287 227 1000 1000
1000 286 226 1000 1000
1000 285 225 1000 1000
1000 284 224 1000 1000
1000 283 223 1000 1000
1000 282 222 1000 1000
1000 281 221 1000 1000
1000 280 220 1000 1000
1000 279 219 1000 1000
1000 278 218 1000 1000
1000 277 217 1000 1000
1000 276 216 1000 1000
1000 275 215 1000 1000
1000 274 214 1000 1000
1000 273 213 1000 1000
1000 272 212 1000 1000
1000 271 211 1000 1000
1000 270 210 1000 1000
1000 269 209 1000 1000
1000 268 208 1000 1000
1000 267 207 1000 1000
1000 266 206 1000 1000
1000 265 205 1000 1000
1000 264 204 1000 1000
1000 263 203 1000 1000
1000 262 202 1000 1000
1000 261 201 1000 1000
1000 260 200 1000 1000
1000 259 199 1000 1000
1000 258 198 1000 1000
1000 257 197 1000 1000
1000 256 196 1000 1000
1000 255 195 1000 1000
1000 254 194 1000 1000
1000 253 193 1000 1000
1000 252 192 1000 1000
1000 251 191 1000 1000
1000 250 190 1000 1000
1000 249 189 1000 1000
1000 248 188 1000 1000
1000 247 187 1000 1000
1000 246 186 1000 1000
1000 245 185 1000 1000
1000 244 184 1000 1000
1000 243 183 1000 1000
1000 242 182 1000 1000
1000 241 181 1000 1000
1000 240 180 1000 1000
1000 239 179 1000 1000
1000 238 178 1000 1000
1000 237 177 1000 1000
1000 236 176 1000 1000
1000 235 175 1000 1000
1000 234 174 1000 1000
1000 233 173 1000 1000
1000 232 172 1000 1000
1000 231 171 1000 1000
1000 230 170 1000 1000
1000 229 169 1000 1000
1000 228 168 1000 1000
1000 227 167 1000 1000
1000 226 166 1000 1000
1000 225 165 1000 1000
1000 224 164 1000 1000
1000 223 163 1000 1000
1000 222 162 1000 1000
1000 221 161 1000 1000
1000 220 160 1000 1000
1000 219 159 1000 1000
1000 218 158 1000 1000
1000 217 157 1000 1000
1000 216 156 1000 1000
1000 215 155 1000 1000
1000 214 154 1000 1000
1000 213 153 1000 1000
1000 212 152 1000 1000
1000 211 151 1000 1000
1000 210 150 1000 1000
1000 209 149 1000 1000
1000 208 148 1000 1000
1000 207 147 1000 1000
1000 206 146 1000 1000
1000 205 145 1000 1000
1000 204 144 1000 1000
1000 203 143 1000 1000
1000 202 142 1000 1000
1000 201 141 1000 1000
1000 200 140 1000 1000
1000 199 139 1000 1000
1000 198 138 1000 1000
1000 197 137 1000 1000
1000 196 136 1000 1000
1000 195 135 1000 1000
1000 194 134 1000 1000
1000 193 133 1000 1000
1000 192 132 1000 1000
1000 191 131 1000 1000
1000 190 130 1000 1000
1000 189 129 1000 1000
1000 188 128 1000 1000
1000 187 127 1000 1000
1000 186 126 1000 1000
1000 185 125 1000 1000
1000 184 124 1000 1000
1000 183 123 1000 1000
1000 182 122 1000 1000
1000 181 121 1000 1000
1000 180 120 1000 1000
1000 179 119 1000 1000
1000 178 118 1000 1000
1000 177 117 1000 1000
1000 176 116 1000 1000
1000 175 115 1000 1000
1000 174 114 1000 1000
1000 173 113 1000 1000
1000 172 112 1000 1000
1000 171 111 1000 1000
1000 170 110 1000 1000
1000 169 109 1000 1000
1000 168 108 1000 1000
1000 167 107 1000 1000
1000 166 106 1000 1000
1000 165 105 1000 1000
1000 164 104 1000 1000
1000 163 103 1000 1000
1000 162 102 1000 1000
1000 161 101 1000 1000
1000 160 100 1000 1000
1000 159 99 1000 1000
1000 158 98 1000 1000
1000 157 97 1000 1000
1000 156 96 1000 1000
1000 155 95 1000 1000
1000 154 94 1000 1000
1000 153 93 1000 1000
1000 152 92 1000 1000
1000 151 91 1000 1000
1000 150 90 1000 1000
1000 149 89 1000 1000
1000 148 88 1000 1000
1000 147 87 1000 1000
1000 146 86 1000 1000
1000 145 85 1000 1000
1000 144 84 1000 1000
1000 143 83 1000 1000
1000 142 82 1000 1000
1000 141 81 1000 1000
1000 140 80 1000 1000
1000 139 79 1000 1000
1000 138 78 1000 1000
1000 137 77 1000 1000
1000 136 76 1000 1000
1000 135 75 1000 1000
1000 134 74 1000 1000
1000 133 73 1000 1000
1000 132 72 1000 1000
1000 131 71 1000 1000
1000 130 70 1000 1000
1000 129 69 1000 1000
1000 128 68 1000 1000
1000 127 67 1000 1000
1000 126 66 1000 1000
1000 125 65 1000 1000
1000 124 64 1000 1000
1000 123 63 1000 1000
1000 122 62 1000 1000
1000 121 61 1000 1000
1000 120 60 1000 1000
1000 119 59 1000 1000
1000 118 58 1000 1000
1000 117 57 1000 1000
1000 116 56 1000 1000
1000 115 55 1000 1000
1000 114 54 1000 1000
1000 113 53 1000 1000
1000 112 52 1000 1000
1000 111 51 1000 1000
1000 110 50 1000 1000
1000 109 49 1000 1000
1000 108 48 1000 1000
1000 107 47 1000 1000
1000 106 46 1000 1000
1000 105 45 1000 1000
1000 104 44 1000 1000
1000 103 43 1000 1000
1000 102 42 1000 1000
1000 101 41 1000 1000
1000 100 40 1000 1000
1000 99 39 1000 1000
1000 98 38 1000 1000
1000 97 37 1000 1000
1000 96 36 1000 1000
1000 95 35 1000 1000
1000 94 34 1000 1000
1000 93 33 1000 1000
1000 92 32 1000 1000
1000 91 31 1000 1000
1000 90 30 1000 1000
1000 89 29 1000 1000
1000 88 28 1000 1000
1000 87 27 1000 1000
1000 86 26 1000 1000
1000 85 25 1000 1000
1000 84 24 1000 1000
1000 83 23 1000 1000
1000 82 22 1000 1000
1000 81 21 1000 1000
1000 80 20 1000 1000
1000 79 19 1000 1000
1000 78 18 1000 1000
1000 77 17 1000 1000
1000 76 16 1000 1000
1000 75 15 1000 1000
1000 74 14 1000 1000
1000 73 13 1000 1000
1000 72 12 1000 1000
1000 71 11 1000 1000
1000 70 10 1000 1000
1000 69 9 1000 1000
1000 68 8 1000 1000
1000 67 7 1000 1000
1000 66 6 1000 1000
1000 65 5 1000 1000
1000 64 4 1000 1000
1000 63 3 1000 1000
1000 62 2 1000 1000
1000 61 1 1000 1000
1000 60 0 1000 1000
1000 59 1000 1000 1000
1000 58 1000 1000 1000
1000 57 1000 1000 1000
1000 56 1000 1000 1000
1000 55 1000 1000 1000
1000 54 1000 1000 1000
1000 53 1000 1000 1000
1000 52 1000 1000 1000
1000 51 1000 1000 1000
1000 50 1000 1000 1000
1000 49 1000 1000 1000
1000 48 1000 1000 1000
1000 47 1000 1000 1000
1000 46 1000 1000 1000
1000 45 1000 1000 1000
1000 44 1000 1000 1000
1000 43 1000 1000 1000
1000 42 1000 1000 1000
1000 41 1000 1000 1000
1000 40 1000 1000 1000
1000 39 1000 1000 1000
1000 38 1000 1000 1000
1000 37 1000 1000 1000
1000 36 1000 1000 1000
1000 35 1000 1000 1000
1000 34 1000 1000 1000
1000 33 1000 1000 1000
1000 32 1000 1000 1000
1000 31 1000 1000 1000
1000 30 1000 1000 1000
1000 29 1000 1000 1000
1000 28 1000 1000 1000
1000 27 1000 1000 1000
1000 26 1000 1000 1000
1000 25 1000 1000 1000
1000 24 1000 1000 1000
1000 23 1000 1000 1000
1000 22 1000 1000 1000
1000 21 1000 1000 1000
1000 20 1000 1000 1000
1000 19 1000 1000 1000
1000 18 1000 1000 1000
1000 17 1000 1000 1000
1000 16 1000 1000 1000
1000 15 1000 1000 1000
1000 14 1000 1000 1000
1000 13 1000 1000 1000
1000 12 1000 1000 1000
1000 11 1000 1000 1000
1000 10 1000 1000 1000
1000 9 1000 1000 1000
1000 8 1000 1000 1000
1000 7 1000 1000 1000
1000 6 1000 1000 1000
1000 5 1000 1000 1000
1000 4 1000 1000 1000
1000 3 1000 1000 1000
1000 2 1000 1000 1000
1000 1 1000 1000 1000
1000 0 1000 1000 1000
1000 1000 1000 1000 1000
1000 1000 1000 1000 1000
1000 1000 1000 1000 1000
1000 1000 1000 1000 1000
1000 1000 1000 1000 1000
1000 1000 1000 1000 1000
1000 1000 1000 1000 1000
1000 1000 1000 1000 1000
1000 1000 1000 1000 1000
1000 1000 1000 1000 1000
1000 1000 1000 1000 1000
1000 1000 1000 1000 1000
1000 1000 1000 1000 1000
1000 1000 1000 1000 1000
1000 1000 1000 1000 1000
1000 1000 1000 1000 1000
1000 1000 1000 1000 1000
1000 1000 1000 1000 1000
1000 1000 1000 1000 1000
1000 1000 1000 1000 1000
1000 1000 1000 1000 1000
1000 1000 1000 1000 1000
1000 1000 1000 1000 1000
1000 1000 1000 1000 1000
1000 1000 1000 1000 1000
1000 1000 1000 1000 1000
1000 1000 1000 1000 1000
1000 1000 1000 1000 1000
1000 1000 1000 1000 1000
1000 1000 1000 1000 1000
1000 1000 1000 1000 1000
1000 1000 1000 1000 1000
1000 1000 1000 1000 1000
1000 1000 1000 1000 1000
1000 1000 1000 1000 1000
1000 1000 1000 1000 1000
1000 1000 1000 1000 1000
1000 1000 1000 1000 1000
1000 1000 1000 1000 1000
1000 1000 1000 1000 1000
1000 1000 1000 1000 1000
1000 1000 1000 1000 1000
1000 1000 1000 1000 1000
1000 1000 1000 1000 1000
1000 1000 1000 1000 1000
1000 1000 1000 1000 1000
1000 1000 1000 1000 1000
1000 1000 1000 1000 1000
1000 1000 1000 1000 1000
1000 1000 1000 1000 1000
1000 1000 1000 1000 1000
1000 1000 1000 1000 1000
1000 1000 1000 1000 1000
1000 1000 1000 1000 1000
1000 1000 1000 1000 1000
1000 1000 1000 1000 1000
1000 1000 1000 1000 1000
1000 1000 1000 1000 1000
1000 1000 1000 1000 1000
1000 1000 1000 1000 1000
1000 1000 1000 1000 1000
1000 1000 1000 1000 1000
1000 1000 1000 1000 1000
1000 1000 1000 1000 1000
1000 1000 1000 1000 1000
1000 1000 1000 1000 1000
1000 1000 1000 1000 1000
1000 1000 1000 1000 1000
1000 1000 1000 1000 1000
1000 1000 1000 1000 1000
1000 1000 1000 1000 1000
1000 1000 1000 1000 1000
1000 1000 1000 1000 1000
1000 1000 1000 1000 1000
1000 1000 1000 1000 1000
1000 1000 1000 1000 1000
1000 1000 1000 1000 1000
1000 1000 1000 1000 1000
1000 1000 1000 1000 1000
1000 1000 1000 1000 1000
1000 1000 1000 1000 1000
1000 1000 1000 1000 1000
1000 1000 1000 1000 1000
1000 1000 1000 1000 1000
1000 1000 1000 1000 1000
1000 1000 1000 1000 1000
1000 1000 1000 1000 1000
1000 1000 1000 1000 1000
1000 1000 1000 1000 1000
1000 1000 1000 1000 1000
1000 1000 1000 1000 1000
1000 1000 1000 1000 1000
1000 1000 1000 1000 1000
1000 1000 1000 1000 1000
1000 1000 1000 1000 1000
1000 1000 1000 1000 1000
1000 1000 1000 1000 1000
1000 1000 1000 1000 1000
1000 1000 1000 1000 1000
1000 1000 1000 1000 1000
