1000 299 240 770 799
1000 298 239 769 798
1000 297 238 768 797
1000 296 237 767 796
1000 295 236 766 795
1000 294 235 765 794
1000 293 234 764 793
1000 292 233 763 792
1000 291 232 762 791
1000 290 231 761 790
1000 289 230 760 789
1000 288 229 759 788
1000 287 228 758 787
1000 286 227 757 786
1000 285 226 756 785
1000 284 225 755 784
1000 283 224 754 783
1000 282 223 753 782
1000 281 222 752 781
1000 280 221 751 780
1000 279 220 750 779
1000 278 219 749 778
1000 277 218 748 777
1000 276 217 747 776
1000 275 216 746 775
1000 274 215 745 774
1000 273 214 744 773
1000 272 213 743 772
1000 271 212 742 771
1000 270 211 741 770
1000 269 210 740 769
1000 268 209 739 768
1000 267 208 738 767
1000 266 207 737 766
1000 265 206 736 765
1000 264 205 735 764
1000 263 204 734 763
1000 262 203 733 762
1000 261 202 732 761
1000 260 201 731 760
1000 259 200 730 759
1000 258 199 729 758
1000 257 198 728 757
1000 256 197 727 756
1000 255 196 726 755
1000 254 195 725 754
1000 253 194 724 753
1000 252 193 723 752
1000 251 192 722 751
1000 250 191 721 750
1000 249 190 720 749
1000 248 189 719 748
1000 247 188 718 747
1000 246 187 717 746
1000 245 186 716 745
1000 244 185 715 744
1000 243 184 714 743
1000 242 183 713 742
1000 241 182 712 741
1000 240 181 711 740
1000 239 180 710 739
1000 238 179 709 738
1000 237 178 708 737
1000 236 177 707 736
1000 235 176 706 735
1000 234 175 705 734
1000 233 174 704 733
1000 232 173 703 732
1000 231 172 702 731
1000 230 171 701 730
1000 229 170 700 729
1000 228 169 699 728
1000 227 168 698 727
1000 226 167 697 726
1000 225 166 696 725
1000 224 165 695 724
1000 223 164 694 723
1000 222 163 693 722
1000 221 162 692 721
1000 220 161 691 720
1000 219 160 690 719
1000 218 159 689 718
1000 217 158 688 717
1000 216 157 687 716
1000 215 156 686 715
1000 214 155 685 714
1000 213 154 684 713
1000 212 153 683 712
1000 211 152 682 711
1000 210 151 681 710
1000 209 150 680 709
1000 208 149 679 708
1000 207 148 678 707
1000 206 147 677 706
1000 205 146 676 705
1000 204 145 675 704
1000 203 144 674 703
1000 202 143 673 702
1000 201 142 672 701
1000 200 141 671 700
1000 199 140 670 699
1000 198 139 669 698
1000 197 138 668 697
1000 196 137 667 696
1000 195 136 666 695
1000 194 135 665 694
1000 193 134 664 693
1000 192 133 663 692
1000 191 132 662 691
1000 190 131 661 690
1000 189 130 660 689
1000 188 129 659 688
1000 187 128 658 687
1000 186 127 657 686
1000 185 126 656 685
1000 184 125 655 684
1000 183 124 654 683
1000 182 123 653 682
1000 181 122 652 681
1000 180 121 651 680
1000 179 120 650 679
1000 178 119 649 678
1000 177 118 648 677
1000 176 117 647 676
1000 175 116 646 675
1000 174 115 645 674
1000 173 114 644 673
1000 172 113 643 672
1000 171 112 642 671
1000 170 111 641 670
1000 169 110 640 669
1000 168 109 639 668
1000 167 108 638 667
1000 166 107 637 666
1000 165 106 636 665
1000 164 105 635 664
1000 163 104 634 663
1000 162 103 633 662
1000 161 102 632 661
1000 160 101 631 660
1000 159 100 630 659
1000 158 99 629 658
1000 157 98 628 657
1000 156 97 627 656
1000 155 96 626 655
1000 154 95 625 654
1000 153 94 624 653
1000 152 93 623 652
1000 151 92 622 651
1000 150 91 621 650
1000 149 90 620 649
1000 148 89 619 648
1000 147 88 618 647
1000 146 87 617 646
1000 145 86 616 645
1000 144 85 615 644
1000 143 84 614 643
1000 142 83 613 642
1000 141 82 612 641
1000 140 81 611 640
1000 139 80 610 639
1000 138 79 609 638
1000 137 78 608 637
1000 136 77 607 636
1000 135 76 606 635
1000 134 75 605 634
1000 133 74 604 633
1000 132 73 603 632
1000 131 72 602 631
1000 130 71 601 630
1000 129 70 600 629
1000 128 69 599 628
1000 127 68 598 627
1000 126 67 597 626
1000 125 66 596 625
1000 124 65 595 624
1000 123 64 594 623
1000 122 63 593 622
1000 121 62 592 621
1000 120 61 591 620
1000 119 60 590 619
1000 118 59 589 618
1000 117 58 588 617
1000 116 57 587 616
1000 115 56 586 615
1000 114 55 585 614
1000 113 54 584 613
1000 112 53 583 612
1000 111 52 582 611
1000 110 51 581 610
1000 109 50 580 609
1000 108 49 579 608
1000 107 48 578 607
1000 106 47 577 606
1000 105 46 576 605
1000 104 45 575 604
1000 103 44 574 603
1000 102 43 573 602
1000 101 42 572 601
1000 100 41 571 600
1000 99 40 570 599
1000 98 39 569 598
1000 97 38 568 597
1000 96 37 567 596
1000 95 36 566 595
1000 94 35 565 594
1000 93 34 564 593
1000 92 33 563 592
1000 91 32 562 591
1000 90 31 561 590
1000 89 30 560 589
1000 88 29 559 588
1000 87 28 558 587
1000 86 27 557 586
1000 85 26 556 585
1000 84 25 555 584
1000 83 24 554 583
1000 82 23 553 582
1000 81 22 552 581
1000 80 21 551 580
1000 79 20 550 579
1000 78 19 549 578
1000 77 18 548 577
1000 76 17 547 576
1000 75 16 546 575
1000 74 15 545 574
1000 73 14 544 573
1000 72 13 543 572
1000 71 12 542 571
1000 70 11 541 570
1000 69 10 540 569
1000 68 9 539 568
1000 67 8 538 567
1000 66 7 537 566
1000 65 6 536 565
1000 64 5 535 564
1000 63 4 534 563
1000 62 3 533 562
1000 61 2 532 561
1000 60 1 531 560
1000 59 0 530 559
1000 58 519 529 558
1000 57 518 528 557
1000 56 517 527 556
1000 55 516 526 555
1000 54 515 525 554
1000 53 514 524 553
1000 52 513 523 552
1000 51 512 522 551
1000 50 511 521 550
1000 49 510 520 549
1000 48 509 519 548
1000 47 508 518 547
1000 46 507 517 546
1000 45 506 516 545
1000 44 505 515 544
1000 43 504 514 543
1000 42 503 513 542
1000 41 502 512 541
1000 40 501 511 540
1000 39 500 510 539
1000 38 499 509 538
1000 37 498 508 537
1000 36 497 507 536
1000 35 496 506 535
1000 34 495 505 534
1000 33 494 504 533
1000 32 493 503 532
1000 31 492 502 531
1000 30 491 501 530
1000 29 490 500 529
1000 28 489 499 528
1000 27 488 498 527
1000 26 487 497 526
1000 25 486 496 525
1000 24 485 495 524
1000 23 484 494 523
1000 22 483 493 522
1000 21 482 492 521
1000 20 481 491 520
1000 19 480 490 519
1000 18 479 489 518
1000 17 478 488 517
1000 16 477 487 516
1000 15 476 486 515
1000 14 475 485 514
1000 13 474 484 513
1000 12 473 483 512
1000 11 472 482 511
1000 10 471 481 510
1000 9 470 480 509
1000 8 469 479 508
1000 7 468 478 507
1000 6 467 477 506
1000 5 466 476 505
1000 4 465 475 504
1000 3 464 474 503
1000 2 463 473 502
1000 1 462 472 501
1000 0 461 471 500
1000 1599 460 470 499
1000 1598 459 469 498
1000 1597 458 468 497
1000 1596 457 467 496
1000 1595 456 466 495
1000 1594 455 465 494
1000 1593 454 464 493
1000 1592 453 463 492
1000 1591 452 462 491
1000 1590 451 461 490
1000 1589 450 460 489
1000 1588 449 459 488
1000 1587 448 458 487
1000 1586 447 457 486
1000 1585 446 456 485
1000 1584 445 455 484
1000 1583 444 454 483
1000 1582 443 453 482
1000 1581 442 452 481
1000 1580 441 451 480
1000 1579 440 450 479
1000 1578 439 449 478
1000 1577 438 448 477
1000 1576 437 447 476
1000 1575 436 446 475
1000 1574 435 445 474
1000 1573 434 444 473
1000 1572 433 443 472
1000 1571 432 442 471
1000 1570 431 441 470
1000 1569 430 440 469
1000 1568 429 439 468
1000 1567 428 438 467
1000 1566 427 437 466
1000 1565 426 436 465
1000 1564 425 435 464
1000 1563 424 434 463
1000 1562 423 433 462
1000 1561 422 432 461
1000 1560 421 431 460
1000 1559 420 430 459
1000 1558 419 429 458
1000 1557 418 428 457
1000 1556 417 427 456
1000 1555 416 426 455
1000 1554 415 425 454
1000 1553 414 424 453
1000 1552 413 423 452
1000 1551 412 422 451
1000 1550 411 421 450
1000 1549 410 420 449
1000 1548 409 419 448
1000 1547 408 418 447
1000 1546 407 417 446
1000 1545 406 416 445
1000 1544 405 415 444
1000 1543 404 414 443
1000 1542 403 413 442
1000 1541 402 412 441
1000 1540 401 411 440
1000 1539 400 410 439
1000 1538 399 409 438
1000 1537 398 408 437
1000 1536 397 407 436
1000 1535 396 406 435
1000 1534 395 405 434
1000 1533 394 404 433
1000 1532 393 403 432
1000 1531 392 402 431
1000 1530 391 401 430
1000 1529 390 400 429
1000 1528 389 399 428
1000 1527 388 398 427
1000 1526 387 397 426
1000 1525 386 396 425
1000 1524 385 395 424
1000 1523 384 394 423
1000 1522 383 393 422
1000 1521 382 392 421
1000 1520 381 391 420
1000 1519 380 390 419
1000 1518 379 389 418
1000 1517 378 388 417
1000 1516 377 387 416
1000 1515 376 386 415
1000 1514 375 385 414
1000 1513 374 384 413
1000 1512 373 383 412
1000 1511 372 382 411
1000 1510 371 381 410
1000 1509 370 380 409
1000 1508 369 379 408
1000 1507 368 378 407
1000 1506 367 377 406
1000 1505 366 376 405
1000 1504 365 375 404
1000 1503 364 374 403
1000 1502 363 373 402
1000 1501 362 372 401
1000 1500 361 371 400
1000 1499 360 370 399
1000 1498 359 369 398
1000 1497 358 368 397
1000 1496 357 367 396
1000 1495 356 366 395
1000 1494 355 365 394
1000 1493 354 364 393
1000 1492 353 363 392
1000 1491 352 362 391
1000 1490 351 361 390
1000 1489 350 360 389
1000 1488 349 359 388
1000 1487 348 358 387
1000 1486 347 357 386
1000 1485 346 356 385
1000 1484 345 355 384
1000 1483 344 354 383
1000 1482 343 353 382
1000 1481 342 352 381
1000 1480 341 351 380
1000 1479 340 350 379
1000 1478 339 349 378
1000 1477 338 348 377
1000 1476 337 347 376
1000 1475 336 346 375
1000 1474 335 345 374
1000 1473 334 344 373
1000 1472 333 343 372
1000 1471 332 342 371
1000 1470 331 341 370
1000 1469 330 340 369
1000 1468 329 339 368
1000 1467 328 338 367
1000 1466 327 337 366
1000 1465 326 336 365
1000 1464 325 335 364
1000 1463 324 334 363
1000 1462 323 333 362
1000 1461 322 332 361
1000 1460 321 331 360
1000 1459 320 330 359
1000 1458 319 329 358
1000 1457 318 328 357
1000 1456 317 327 356
1000 1455 316 326 355
1000 1454 315 325 354
1000 1453 314 324 353
1000 1452 313 323 352
1000 1451 312 322 351
1000 1450 311 321 350
1000 1449 310 320 349
1000 1448 309 319 348
1000 1447 308 318 347
1000 1446 307 317 346
1000 1445 306 316 345
1000 1444 305 315 344
1000 1443 304 314 343
1000 1442 303 313 342
1000 1441 302 312 341
1000 1440 301 311 340
1000 1439 300 310 339
1000 1438 299 309 338
1000 1437 298 308 337
1000 1436 297 307 336
1000 1435 296 306 335
1000 1434 295 305 334
1000 1433 294 304 333
1000 1432 293 303 332
1000 1431 292 302 331
1000 1430 291 301 330
1000 1429 290 300 329
1000 1428 289 299 328
1000 1427 288 298 327
1000 1426 287 297 326
1000 1425 286 296 325
1000 1424 285 295 324
1000 1423 284 294 323
1000 1422 283 293 322
1000 1421 282 292 321
1000 1420 281 291 320
1000 1419 280 290 319
1000 1418 279 289 318
1000 1417 278 288 317
1000 1416 277 287 316
1000 1415 276 286 315
1000 1414 275 285 314
1000 1413 274 284 313
1000 1412 273 283 312
1000 1411 272 282 311
1000 1410 271 281 310
1000 1409 270 280 309
1000 1408 269 279 308
1000 1407 268 278 307
1000 1406 267 277 306
1000 1405 266 276 305
1000 1404 265 275 304
1000 1403 264 274 303
1000 1402 263 273 302
1000 1401 262 272 301
1000 1400 261 271 300
1000 1399 260 270 299
1000 1398 259 269 298
1000 1397 258 268 297
1000 1396 257 267 296
1000 1395 256 266 295
1000 1394 255 265 294
1000 1393 254 264 293
1000 1392 253 263 292
1000 1391 252 262 291
1000 1390 251 261 290
1000 1389 250 260 289
1000 1388 249 259 288
1000 1387 248 258 287
1000 1386 247 257 286
1000 1385 246 256 285
1000 1384 245 255 284
1000 1383 244 254 283
1000 1382 243 253 282
1000 1381 242 252 281
1000 1380 241 251 280
1000 1379 240 250 279
1000 1378 239 249 278
1000 1377 238 248 277
1000 1376 237 247 276
1000 1375 236 246 275
1000 1374 235 245 274
1000 1373 234 244 273
1000 1372 233 243 272
1000 1371 232 242 271
1000 1370 231 241 270
1000 1369 230 240 269
1000 1368 229 239 268
1000 1367 228 238 267
1000 1366 227 237 266
1000 1365 226 236 265
1000 1364 225 235 264
1000 1363 224 234 263
1000 1362 223 233 262
1000 1361 222 232 261
1000 1360 221 231 260
1000 1359 220 230 259
1000 1358 219 229 258
1000 1357 218 228 257
1000 1356 217 227 256
1000 1355 216 226 255
1000 1354 215 225 254
1000 1353 214 224 253
1000 1352 213 223 252
1000 1351 212 222 251
1000 1350 211 221 250
1000 1349 210 220 249
1000 1348 209 219 248
1000 1347 208 218 247
1000 1346 207 217 246
1000 1345 206 216 245
1000 1344 205 215 244
1000 1343 204 214 243
1000 1342 203 213 242
1000 1341 202 212 241
1000 1340 201 211 240
1000 1339 200 210 239
1000 1338 199 209 238
1000 1337 198 208 237
1000 1336 197 207 236
1000 1335 196 206 235
1000 1334 195 205 234
1000 1333 194 204 233
1000 1332 193 203 232
1000 1331 192 202 231
1000 1330 191 201 230
1000 1329 190 200 229
1000 1328 189 199 228
1000 1327 188 198 227
1000 1326 187 197 226
1000 1325 186 196 225
1000 1324 185 195 224
1000 1323 184 194 223
1000 1322 183 193 222
1000 1321 182 192 221
1000 1320 181 191 220
1000 1319 180 190 219
1000 1318 179 189 218
1000 1317 178 188 217
1000 1316 177 187 216
1000 1315 176 186 215
1000 1314 175 185 214
1000 1313 174 184 213
1000 1312 173 183 212
1000 1311 172 182 211
1000 1310 171 181 210
1000 1309 170 180 209
1000 1308 169 179 208
1000 1307 168 178 207
1000 1306 167 177 206
1000 1305 166 176 205
1000 1304 165 175 204
1000 1303 164 174 203
1000 1302 163 173 202
1000 1301 162 172 201
1000 1300 161 171 200
1000 1299 160 170 199
1000 1298 159 169 198
1000 1297 158 168 197
1000 1296 157 167 196
1000 1295 156 166 195
1000 1294 155 165 194
1000 1293 154 164 193
1000 1292 153 163 192
1000 1291 152 162 191
1000 1290 151 161 190
1000 1289 150 160 189
1000 1288 149 159 188
1000 1287 148 158 187
1000 1286 147 157 186
1000 1285 146 156 185
1000 1284 145 155 184
1000 1283 144 154 183
1000 1282 143 153 182
1000 1281 142 152 181
1000 1280 141 151 180
1000 1279 140 150 179
1000 1278 139 149 178
1000 1277 138 148 177
1000 1276 137 147 176
1000 1275 136 146 175
1000 1274 135 145 174
1000 1273 134 144 173
1000 1272 133 143 172
1000 1271 132 142 171
1000 1270 131 141 170
1000 1269 130 140 169
1000 1268 129 139 168
1000 1267 128 138 167
1000 1266 127 137 166
1000 1265 126 136 165
1000 1264 125 135 164
1000 1263 124 134 163
1000 1262 123 133 162
1000 1261 122 132 161
1000 1260 121 131 160
1000 1259 120 130 159
1000 1258 119 129 158
1000 1257 118 128 157
1000 1256 117 127 156
1000 1255 116 126 155
1000 1254 115 125 154
1000 1253 114 124 153
1000 1252 113 123 152
1000 1251 112 122 151
1000 1250 111 121 150
1000 1249 110 120 149
1000 1248 109 119 148
1000 1247 108 118 147
1000 1246 107 117 146
1000 1245 106 116 145
1000 1244 105 115 144
1000 1243 104 114 143
1000 1242 103 113 142
1000 1241 102 112 141
1000 1240 101 111 140
1000 1239 100 110 139
1000 1238 99 109 138
1000 1237 98 108 137
1000 1236 97 107 136
1000 1235 96 106 135
1000 1234 95 105 134
1000 1233 94 104 133
1000 1232 93 103 132
1000 1231 92 102 131
1000 1230 91 101 130
1000 1229 90 100 129
1000 1228 89 99 128
1000 1227 88 98 127
1000 1226 87 97 126
1000 1225 86 96 125
1000 1224 85 95 124
1000 1223 84 94 123
1000 1222 83 93 122
1000 1221 82 92 121
1000 1220 81 91 120
1000 1219 80 90 119
1000 1218 79 89 118
1000 1217 78 88 117
1000 1216 77 87 116
1000 1215 76 86 115
1000 1214 75 85 114
1000 1213 74 84 113
1000 1212 73 83 112
1000 1211 72 82 111
1000 1210 71 81 110
1000 1209 70 80 109
1000 1208 69 79 108
1000 1207 68 78 107
1000 1206 67 77 106
1000 1205 66 76 105
1000 1204 65 75 104
1000 1203 64 74 103
1000 1202 63 73 102
1000 1201 62 72 101
1000 1200 61 71 100
1000 1199 60 70 99
1000 1198 59 69 98
1000 1197 58 68 97
1000 1196 57 67 96
1000 1195 56 66 95
1000 1194 55 65 94
1000 1193 54 64 93
1000 1192 53 63 92
1000 1191 52 62 91
1000 1190 51 61 90
1000 1189 50 60 89
1000 1188 49 59 88
1000 1187 48 58 87
1000 1186 47 57 86
1000 1185 46 56 85
1000 1184 45 55 84
1000 1183 44 54 83
1000 1182 43 53 82
1000 1181 42 52 81
1000 1180 41 51 80
1000 1179 40 50 79
1000 1178 39 49 78
1000 1177 38 48 77
1000 1176 37 47 76
1000 1175 36 46 75
1000 1174 35 45 74
1000 1173 34 44 73
1000 1172 33 43 72
1000 1171 32 42 71
1000 1170 31 41 70
1000 1169 30 40 69
1000 1168 29 39 68
1000 1167 28 38 67
1000 1166 27 37 66
1000 1165 26 36 65
1000 1164 25 35 64
1000 1163 24 34 63
1000 1162 23 33 62
1000 1161 22 32 61
1000 1160 21 31 60
1000 1159 20 30 59
1000 1158 19 29 58
1000 1157 18 28 57
1000 1156 17 27 56
1000 1155 16 26 55
1000 1154 15 25 54
1000 1153 14 24 53
1000 1152 13 23 52
1000 1151 12 22 51
1000 1150 11 21 50
1000 1149 10 20 49
1000 1148 9 19 48
1000 1147 8 18 47
1000 1146 7 17 46
1000 1145 6 16 45
1000 1144 5 15 44
1000 1143 4 14 43
1000 1142 3 13 42
1000 1141 2 12 41
1000 1140 1 11 40
1000 1139 0 10 39
1000 1138 1079 9 38
1000 1137 1078 8 37
1000 1136 1077 7 36
1000 1135 1076 6 35
1000 1134 1075 5 34
1000 1133 1074 4 33
1000 1132 1073 3 32
1000 1131 1072 2 31
1000 1130 1071 1 30
1000 1129 1070 0 29
1000 1128 1069 728 28
1000 1127 1068 727 27
1000 1126 1067 726 26
1000 1125 1066 725 25
1000 1124 1065 724 24
1000 1123 1064 723 23
1000 1122 1063 722 22
1000 1121 1062 721 21
1000 1120 1061 720 20
1000 1119 1060 719 19
1000 1118 1059 718 18
1000 1117 1058 717 17
1000 1116 1057 716 16
1000 1115 1056 715 15
1000 1114 1055 714 14
1000 1113 1054 713 13
1000 1112 1053 712 12
1000 1111 1052 711 11
1000 1110 1051 710 10
1000 1109 1050 709 9
1000 1108 1049 708 8
1000 1107 1048 707 7
1000 1106 1047 706 6
1000 1105 1046 705 5
1000 1104 1045 704 4
1000 1103 1044 703 3
1000 1102 1043 702 2
1000 1101 1042 701 1
1000 1100 1041 700 0
1000 1099 1040 699 689
1000 1098 1039 698 688
1000 1097 1038 697 687
1000 1096 1037 696 686
1000 1095 1036 695 685
1000 1094 1035 694 684
1000 1093 1034 693 683
1000 1092 1033 692 682
1000 1091 1032 691 681
1000 1090 1031 690 680
1000 1089 1030 689 679
1000 1088 1029 688 678
1000 1087 1028 687 677
1000 1086 1027 686 676
1000 1085 1026 685 675
1000 1084 1025 684 674
1000 1083 1024 683 673
1000 1082 1023 682 672
1000 1081 1022 681 671
1000 1080 1021 680 670
1000 1079 1020 679 669
1000 1078 1019 678 668
1000 1077 1018 677 667
1000 1076 1017 676 666
1000 1075 1016 675 665
1000 1074 1015 674 664
1000 1073 1014 673 663
1000 1072 1013 672 662
1000 1071 1012 671 661
1000 1070 1011 670 660
1000 1069 1010 669 659
1000 1068 1009 668 658
1000 1067 1008 667 657
1000 1066 1007 666 656
1000 1065 1006 665 655
1000 1064 1005 664 654
1000 1063 1004 663 653
1000 1062 1003 662 652
1000 1061 1002 661 651
1000 1060 1001 660 650
1000 1059 1000 659 649
1000 1058 999 658 648
1000 1057 998 657 647
1000 1056 997 656 646
1000 1055 996 655 645
1000 1054 995 654 644
1000 1053 994 653 643
1000 1052 993 652 642
1000 1051 992 651 641
1000 1050 991 650 640
1000 1049 990 649 639
1000 1048 989 648 638
1000 1047 988 647 637
1000 1046 987 646 636
1000 1045 986 645 635
1000 1044 985 644 634
1000 1043 984 643 633
1000 1042 983 642 632
1000 1041 982 641 631
1000 1040 981 640 630
1000 1039 980 639 629
1000 1038 979 638 628
1000 1037 978 637 627
1000 1036 977 636 626
1000 1035 976 635 625
1000 1034 975 634 624
1000 1033 974 633 623
1000 1032 973 632 622
1000 1031 972 631 621
1000 1030 971 630 620
1000 1029 970 629 619
1000 1028 969 628 618
1000 1027 968 627 617
1000 1026 967 626 616
1000 1025 966 625 615
1000 1024 965 624 614
1000 1023 964 623 613
1000 1022 963 622 612
1000 1021 962 621 611
1000 1020 961 620 610
1000 1019 960 619 609
1000 1018 959 618 608
1000 1017 958 617 607
1000 1016 957 616 606
1000 1015 956 615 605
1000 1014 955 614 604
1000 1013 954 613 603
1000 1012 953 612 602
1000 1011 952 611 601
1000 1010 951 610 600
1000 1009 950 609 599
1000 1008 949 608 598
1000 1007 948 607 597
1000 1006 947 606 596
1000 1005 946 605 595
1000 1004 945 604 594
1000 1003 944 603 593
1000 1002 943 602 592
1000 1001 942 601 591
1000 1000 941 600 590
1000 999 940 599 589
1000 998 939 598 588
1000 997 938 597 587
1000 996 937 596 586
1000 995 936 595 585
1000 994 935 594 584
1000 993 934 593 583
1000 992 933 592 582
1000 991 932 591 581
1000 990 931 590 580
1000 989 930 589 579
1000 988 929 588 578
1000 987 928 587 577
1000 986 927 586 576
1000 985 926 585 575
1000 984 925 584 574
1000 983 924 583 573
1000 982 923 582 572
1000 981 922 581 571
1000 980 921 580 570
1000 979 920 579 569
1000 978 919 578 568
1000 977 918 577 567
1000 976 917 576 566
1000 975 916 575 565
1000 974 915 574 564
1000 973 914 573 563
1000 972 913 572 562
1000 971 912 571 561
1000 970 911 570 560
1000 969 910 569 559
1000 968 909 568 558
1000 967 908 567 557
1000 966 907 566 556
1000 965 906 565 555
1000 964 905 564 554
1000 963 904 563 553
1000 962 903 562 552
1000 961 902 561 551
1000 960 901 560 550
1000 959 900 559 549
1000 958 899 558 548
1000 957 898 557 547
1000 956 897 556 546
1000 955 896 555 545
1000 954 895 554 544
1000 953 894 553 543
1000 952 893 552 542
1000 951 892 551 541
1000 950 891 550 540
1000 949 890 549 539
1000 948 889 548 538
1000 947 888 547 537
1000 946 887 546 536
1000 945 886 545 535
1000 944 885 544 534
1000 943 884 543 533
1000 942 883 542 532
1000 941 882 541 531
1000 940 881 540 530
1000 939 880 539 529
1000 938 879 538 528
1000 937 878 537 527
1000 936 877 536 526
1000 935 876 535 525
1000 934 875 534 524
1000 933 874 533 523
1000 932 873 532 522
1000 931 872 531 521
1000 930 871 530 520
1000 929 870 529 519
1000 928 869 528 518
1000 927 868 527 517
1000 926 867 526 516
1000 925 866 525 515
1000 924 865 524 514
1000 923 864 523 513
1000 922 863 522 512
1000 921 862 521 511
1000 920 861 520 510
1000 919 860 519 509
1000 918 859 518 508
1000 917 858 517 507
1000 916 857 516 506
1000 915 856 515 505
1000 914 855 514 504
1000 913 854 513 503
1000 912 853 512 502
1000 911 852 511 501
1000 910 851 510 500
1000 909 850 509 499
1000 908 849 508 498
1000 907 848 507 497
1000 906 847 506 496
1000 905 846 505 495
1000 904 845 504 494
1000 903 844 503 493
1000 902 843 502 492
1000 901 842 501 491
1000 900 841 500 490
1000 899 840 499 489
1000 898 839 498 488
1000 897 838 497 487
1000 896 837 496 486
1000 895 836 495 485
1000 894 835 494 484
1000 893 834 493 483
1000 892 833 492 482
1000 891 832 491 481
1000 890 831 490 480
1000 889 830 489 479
1000 888 829 488 478
1000 887 828 487 477
1000 886 827 486 476
1000 885 826 485 475
1000 884 825 484 474
1000 883 824 483 473
1000 882 823 482 472
1000 881 822 481 471
1000 880 821 480 470
1000 879 820 479 469
1000 878 819 478 468
1000 877 818 477 467
1000 876 817 476 466
1000 875 816 475 465
1000 874 815 474 464
1000 873 814 473 463
1000 872 813 472 462
1000 871 812 471 461
1000 870 811 470 460
1000 869 810 469 459
1000 868 809 468 458
1000 867 808 467 457
1000 866 807 466 456
1000 865 806 465 455
1000 864 805 464 454
1000 863 804 463 453
1000 862 803 462 452
1000 861 802 461 451
1000 860 801 460 450
1000 859 800 459 449
1000 858 799 458 448
1000 857 798 457 447
1000 856 797 456 446
1000 855 796 455 445
1000 854 795 454 444
1000 853 794 453 443
1000 852 793 452 442
1000 851 792 451 441
1000 850 791 450 440
1000 849 790 449 439
1000 848 789 448 438
1000 847 788 447 437
1000 846 787 446 436
1000 845 786 445 435
1000 844 785 444 434
1000 843 784 443 433
1000 842 783 442 432
1000 841 782 441 431
1000 840 781 440 430
1000 839 780 439 429
1000 838 779 438 428
1000 837 778 437 427
1000 836 777 436 426
1000 835 776 435 425
1000 834 775 434 424
1000 833 774 433 423
1000 832 773 432 422
1000 831 772 431 421
1000 830 771 430 420
1000 829 770 429 419
1000 828 769 428 418
1000 827 768 427 417
1000 826 767 426 416
1000 825 766 425 415
1000 824 765 424 414
1000 823 764 423 413
1000 822 763 422 412
1000 821 762 421 411
1000 820 761 420 410
1000 819 760 419 409
1000 818 759 418 408
1000 817 758 417 407
1000 816 757 416 406
1000 815 756 415 405
1000 814 755 414 404
1000 813 754 413 403
1000 812 753 412 402
1000 811 752 411 401
1000 810 751 410 400
1000 809 750 409 399
1000 808 749 408 398
1000 807 748 407 397
1000 806 747 406 396
1000 805 746 405 395
1000 804 745 404 394
1000 803 744 403 393
1000 802 743 402 392
1000 801 742 401 391
1000 800 741 400 390
1000 799 740 399 389
1000 798 739 398 388
1000 797 738 397 387
1000 796 737 396 386
1000 795 736 395 385
1000 794 735 394 384
1000 793 734 393 383
1000 792 733 392 382
1000 791 732 391 381
1000 790 731 390 380
1000 789 730 389 379
1000 788 729 388 378
1000 787 728 387 377
1000 786 727 386 376
1000 785 726 385 375
1000 784 725 384 374
1000 783 724 383 373
1000 782 723 382 372
1000 781 722 381 371
1000 780 721 380 370
1000 779 720 379 369
1000 778 719 378 368
1000 777 718 377 367
1000 776 717 376 366
1000 775 716 375 365
1000 774 715 374 364
1000 773 714 373 363
1000 772 713 372 362
1000 771 712 371 361
1000 770 711 370 360
1000 769 710 369 359
1000 768 709 368 358
1000 767 708 367 357
1000 766 707 366 356
1000 765 706 365 355
1000 764 705 364 354
1000 763 704 363 353
1000 762 703 362 352
1000 761 702 361 351
1000 760 701 360 350
1000 759 700 359 349
1000 758 699 358 348
1000 757 698 357 347
1000 756 697 356 346
1000 755 696 355 345
1000 754 695 354 344
1000 753 694 353 343
1000 752 693 352 342
1000 751 692 351 341
1000 750 691 350 340
1000 749 690 349 339
1000 748 689 348 338
1000 747 688 347 337
1000 746 687 346 336
1000 745 686 345 335
1000 744 685 344 334
1000 743 684 343 333
1000 742 683 342 332
1000 741 682 341 331
1000 740 681 340 330
1000 739 680 339 329
1000 738 679 338 328
1000 737 678 337 327
1000 736 677 336 326
1000 735 676 335 325
1000 734 675 334 324
1000 733 674 333 323
1000 732 673 332 322
1000 731 672 331 321
1000 730 671 330 320
1000 729 670 329 319
1000 728 669 328 318
1000 727 668 327 317
1000 726 667 326 316
1000 725 666 325 315
1000 724 665 324 314
1000 723 664 323 313
1000 722 663 322 312
1000 721 662 321 311
1000 720 661 320 310
1000 719 660 319 309
1000 718 659 318 308
1000 717 658 317 307
1000 716 657 316 306
1000 715 656 315 305
1000 714 655 314 304
1000 713 654 313 303
1000 712 653 312 302
1000 711 652 311 301
1000 710 651 310 300
1000 709 650 309 299
1000 708 649 308 298
1000 707 648 307 297
1000 706 647 306 296
1000 705 646 305 295
1000 704 645 304 294
1000 703 644 303 293
1000 702 643 302 292
1000 701 642 301 291
1000 700 641 300 290
1000 699 640 299 289
1000 698 639 298 288
1000 697 638 297 287
1000 696 637 296 286
1000 695 636 295 285
1000 694 635 294 284
1000 693 634 293 283
1000 692 633 292 282
1000 691 632 291 281
1000 690 631 290 280
1000 689 630 289 279
1000 688 629 288 278
1000 687 628 287 277
1000 686 627 286 276
1000 685 626 285 275
1000 684 625 284 274
1000 683 624 283 273
1000 682 623 282 272
1000 681 622 281 271
1000 680 621 280 270
1000 679 620 279 269
1000 678 619 278 268
1000 677 618 277 267
1000 676 617 276 266
1000 675 616 275 265
1000 674 615 274 264
1000 673 614 273 263
1000 672 613 272 262
1000 671 612 271 261
1000 670 611 270 260
1000 669 610 269 259
1000 668 609 268 258
1000 667 608 267 257
1000 666 607 266 256
1000 665 606 265 255
1000 664 605 264 254
1000 663 604 263 253
1000 662 603 262 252
1000 661 602 261 251
1000 660 601 260 250
1000 659 600 259 249
1000 658 599 258 248
1000 657 598 257 247
1000 656 597 256 246
1000 655 596 255 245
1000 654 595 254 244
1000 653 594 253 243
1000 652 593 252 242
1000 651 592 251 241
1000 650 591 250 240
1000 649 590 249 239
1000 648 589 248 238
1000 647 588 247 237
1000 646 587 246 236
1000 645 586 245 235
1000 644 585 244 234
1000 643 584 243 233
1000 642 583 242 232
1000 641 582 241 231
1000 640 581 240 230
1000 639 580 239 229
1000 638 579 238 228
1000 637 578 237 227
1000 636 577 236 226
1000 635 576 235 225
1000 634 575 234 224
1000 633 574 233 223
1000 632 573 232 222
1000 631 572 231 221
1000 630 571 230 220
1000 629 570 229 219
1000 628 569 228 218
1000 627 568 227 217
1000 626 567 226 216
1000 625 566 225 215
1000 624 565 224 214
1000 623 564 223 213
1000 622 563 222 212
1000 621 562 221 211
1000 620 561 220 210
1000 619 560 219 209
1000 618 559 218 208
1000 617 558 217 207
1000 616 557 216 206
1000 615 556 215 205
1000 614 555 214 204
1000 613 554 213 203
1000 612 553 212 202
1000 611 552 211 201
1000 610 551 210 200
1000 609 550 209 199
1000 608 549 208 198
1000 607 548 207 197
1000 606 547 206 196
1000 605 546 205 195
1000 604 545 204 194
1000 603 544 203 193
1000 602 543 202 192
1000 601 542 201 191
1000 600 541 200 190
1000 599 540 199 189
1000 598 539 198 188
1000 597 538 197 187
1000 596 537 196 186
1000 595 536 195 185
1000 594 535 194 184
1000 593 534 193 183
1000 592 533 192 182
1000 591 532 191 181
1000 590 531 190 180
1000 589 530 189 179
1000 588 529 188 178
1000 587 528 187 177
1000 586 527 186 176
1000 585 526 185 175
1000 584 525 184 174
1000 583 524 183 173
1000 582 523 182 172
1000 581 522 181 171
1000 580 521 180 170
1000 579 520 179 169
1000 578 519 178 168
1000 577 518 177 167
1000 576 517 176 166
1000 575 516 175 165
1000 574 515 174 164
1000 573 514 173 163
1000 572 513 172 162
1000 571 512 171 161
1000 570 511 170 160
1000 569 510 169 159
1000 568 509 168 158
1000 567 508 167 157
1000 566 507 166 156
1000 565 506 165 155
1000 564 505 164 154
1000 563 504 163 153
1000 562 503 162 152
1000 561 502 161 151
1000 560 501 160 150
1000 559 500 159 149
1000 558 499 158 148
1000 557 498 157 147
1000 556 497 156 146
1000 555 496 155 145
1000 554 495 154 144
1000 553 494 153 143
1000 552 493 152 142
1000 551 492 151 141
1000 550 491 150 140
1000 549 490 149 139
1000 548 489 148 138
1000 547 488 147 137
1000 546 487 146 136
1000 545 486 145 135
1000 544 485 144 134
1000 543 484 143 133
1000 542 483 142 132
1000 541 482 141 131
1000 540 481 140 130
1000 539 480 139 129
1000 538 479 138 128
1000 537 478 137 127
1000 536 477 136 126
1000 535 476 135 125
1000 534 475 134 124
1000 533 474 133 123
1000 532 473 132 122
1000 531 472 131 121
1000 530 471 130 120
1000 529 470 129 119
1000 528 469 128 118
1000 527 468 127 117
1000 526 467 126 116
1000 525 466 125 115
1000 524 465 124 114
1000 523 464 123 113
1000 522 463 122 112
1000 521 462 121 111
1000 520 461 120 110
1000 519 460 119 109
1000 518 459 118 108
1000 517 458 117 107
1000 516 457 116 106
1000 515 456 115 105
1000 514 455 114 104
1000 513 454 113 103
1000 512 453 112 102
1000 511 452 111 101
1000 510 451 110 100
1000 509 450 109 99
1000 508 449 108 98
1000 507 448 107 97
1000 506 447 106 96
1000 505 446 105 95
1000 504 445 104 94
1000 503 444 103 93
1000 502 443 102 92
1000 501 442 101 91
1000 500 441 100 90
1000 499 440 99 89
1000 498 439 98 88
1000 497 438 97 87
1000 496 437 96 86
1000 495 436 95 85
1000 494 435 94 84
1000 493 434 93 83
1000 492 433 92 82
1000 491 432 91 81
1000 490 431 90 80
1000 489 430 89 79
1000 488 429 88 78
1000 487 428 87 77
1000 486 427 86 76
1000 485 426 85 75
1000 484 425 84 74
1000 483 424 83 73
1000 482 423 82 72
1000 481 422 81 71
1000 480 421 80 70
1000 479 420 79 69
1000 478 419 78 68
1000 477 418 77 67
1000 476 417 76 66
1000 475 416 75 65
1000 474 415 74 64
1000 473 414 73 63
1000 472 413 72 62
1000 471 412 71 61
1000 470 411 70 60
1000 469 410 69 59
1000 468 409 68 58
1000 467 408 67 57
1000 466 407 66 56
1000 465 406 65 55
1000 464 405 64 54
1000 463 404 63 53
1000 462 403 62 52
1000 461 402 61 51
1000 460 401 60 50
1000 459 400 59 49
1000 458 399 58 48
1000 457 398 57 47
1000 456 397 56 46
1000 455 396 55 45
1000 454 395 54 44
1000 453 394 53 43
1000 452 393 52 42
1000 451 392 51 41
1000 450 391 50 40
1000 449 390 49 39
1000 448 389 48 38
1000 447 388 47 37
1000 446 387 46 36
1000 445 386 45 35
1000 444 385 44 34
1000 443 384 43 33
1000 442 383 42 32
1000 441 382 41 31
1000 440 381 40 30
1000 439 380 39 29
1000 438 379 38 28
1000 437 378 37 27
1000 436 377 36 26
1000 435 376 35 25
1000 434 375 34 24
1000 433 374 33 23
1000 432 373 32 22
1000 431 372 31 21
1000 430 371 30 20
1000 429 370 29 19
1000 428 369 28 18
1000 427 368 27 17
1000 426 367 26 16
1000 425 366 25 15
1000 424 365 24 14
1000 423 364 23 13
1000 422 363 22 12
1000 421 362 21 11
1000 420 361 20 10
1000 419 360 19 9
1000 418 359 18 8
1000 417 358 17 7
1000 416 357 16 6
1000 415 356 15 5
1000 414 355 14 4
1000 413 354 13 3
1000 412 353 12 2
1000 411 352 11 1
1000 410 351 10 0
1000 409 350 9 1000
1000 408 349 8 1000
1000 407 348 7 1000
1000 406 347 6 1000
1000 405 346 5 1000
1000 404 345 4 1000
1000 403 344 3 1000
1000 402 343 2 1000
1000 401 342 1 1000
1000 400 341 0 1000
1000 399 340 1000 1000
1000 398 339 1000 1000
1000 397 338 1000 1000
1000 396 337 1000 1000
1000 395 336 1000 1000
1000 394 335 1000 1000
1000 393 334 1000 1000
1000 392 333 1000 1000
1000 391 332 1000 1000
1000 390 331 1000 1000
1000 389 330 1000 1000
1000 388 329 1000 1000
1000 387 328 1000 1000
1000 386 327 1000 1000
1000 385 326 1000 1000
1000 384 325 1000 1000
1000 383 324 1000 1000
1000 382 323 1000 1000
1000 381 322 1000 1000
1000 380 321 1000 1000
1000 379 320 1000 1000
1000 378 319 1000 1000
1000 377 318 1000 1000
1000 376 317 1000 1000
1000 375 316 1000 1000
1000 374 315 1000 1000
1000 373 314 1000 1000
1000 372 313 1000 1000
1000 371 312 1000 1000
1000 370 311 1000 1000
1000 369 310 1000 1000
1000 368 309 1000 1000
1000 367 308 1000 1000
1000 366 307 1000 1000
1000 365 306 1000 1000
1000 364 305 1000 1000
1000 363 304 1000 1000
1000 362 303 1000 1000
1000 361 302 1000 1000
1000 360 301 1000 1000
1000 359 300 1000 1000
1000 358 299 1000 1000
1000 357 298 1000 1000
1000 356 297 1000 1000
1000 355 296 1000 1000
1000 354 295 1000 1000
1000 353 294 1000 1000
1000 352 293 1000 1000
1000 351 292 1000 1000
1000 350 291 1000 1000
1000 349 290 1000 1000
1000 348 289 1000 1000
1000 347 288 1000 1000
1000 346 287 1000 1000
1000 345 286 1000 1000
1000 344 285 1000 1000
1000 343 284 1000 1000
1000 342 283 1000 1000
1000 341 282 1000 1000
1000 340 281 1000 1000
1000 339 280 1000 1000
1000 338 279 1000 1000
1000 337 278 1000 1000
1000 336 277 1000 1000
1000 335 276 1000 1000
1000 334 275 1000 1000
1000 333 274 1000 1000
1000 332 273 1000 1000
1000 331 272 1000 1000
1000 330 271 1000 1000
1000 329 270 1000 1000
1000 328 269 1000 1000
1000 327 268 1000 1000
1000 326 267 1000 1000
1000 325 266 1000 1000
1000 324 265 1000 1000
1000 323 264 1000 1000
1000 322 263 1000 1000
1000 321 262 1000 1000
1000 320 261 1000 1000
1000 319 260 1000 1000
1000 318 259 1000 1000
1000 317 258 1000 1000
1000 316 257 1000 1000
1000 315 256 1000 1000
1000 314 255 1000 1000
1000 313 254 1000 1000
1000 312 253 1000 1000
1000 311 252 1000 1000
1000 310 251 1000 1000
1000 309 250 1000 1000
1000 308 249 1000 1000
1000 307 248 1000 1000
1000 306 247 1000 1000
1000 305 246 1000 1000
1000 304 245 1000 1000
1000 303 244 1000 1000
1000 302 243 1000 1000
1000 301 242 1000 1000
1000 300 241 1000 1000
1000 299 240 1000 1000
1000 298 239 1000 1000
1000 297 238 1000 1000
1000 296 237 1000 1000
1000 295 236 1000 1000
1000 294 235 1000 1000
1000 293 234 1000 1000
1000 292 233 1000 1000
1000 291 232 1000 1000
1000 290 231 1000 1000
1000 289 230 1000 1000
1000 288 229 1000 1000
1000 287 228 1000 1000
1000 286 227 1000 1000
1000 285 226 1000 1000
1000 284 225 1000 1000
1000 283 224 1000 1000
1000 282 223 1000 1000
1000 281 222 1000 1000
1000 280 221 1000 1000
1000 279 220 1000 1000
1000 278 219 1000 1000
1000 277 218 1000 1000
1000 276 217 1000 1000
1000 275 216 1000 1000
1000 274 215 1000 1000
1000 273 214 1000 1000
1000 272 213 1000 1000
1000 271 212 1000 1000
1000 270 211 1000 1000
1000 269 210 1000 1000
1000 268 209 1000 1000
1000 267 208 1000 1000
1000 266 207 1000 1000
1000 265 206 1000 1000
1000 264 205 1000 1000
1000 263 204 1000 1000
1000 262 203 1000 1000
1000 261 202 1000 1000
1000 260 201 1000 1000
1000 259 200 1000 1000
1000 258 199 1000 1000
1000 257 198 1000 1000
1000 256 197 1000 1000
1000 255 196 1000 1000
1000 254 195 1000 1000
1000 253 194 1000 1000
1000 252 193 1000 1000
1000 251 192 1000 1000
1000 250 191 1000 1000
1000 249 190 1000 1000
1000 248 189 1000 1000
1000 247 188 1000 1000
1000 246 187 1000 1000
1000 245 186 1000 1000
1000 244 185 1000 1000
1000 243 184 1000 1000
1000 242 183 1000 1000
1000 241 182 1000 1000
1000 240 181 1000 1000
1000 239 180 1000 1000
1000 238 179 1000 1000
1000 237 178 1000 1000
1000 236 177 1000 1000
1000 235 176 1000 1000
1000 234 175 1000 1000
1000 233 174 1000 1000
1000 232 173 1000 1000
1000 231 172 1000 1000
1000 230 171 1000 1000
1000 229 170 1000 1000
1000 228 169 1000 1000
1000 227 168 1000 1000
1000 226 167 1000 1000
1000 225 166 1000 1000
1000 224 165 1000 1000
1000 223 164 1000 1000
1000 222 163 1000 1000
1000 221 162 1000 1000
1000 220 161 1000 1000
1000 219 160 1000 1000
1000 218 159 1000 1000
1000 217 158 1000 1000
1000 216 157 1000 1000
1000 215 156 1000 1000
1000 214 155 1000 1000
1000 213 154 1000 1000
1000 212 153 1000 1000
1000 211 152 1000 1000
1000 210 151 1000 1000
1000 209 150 1000 1000
1000 208 149 1000 1000
1000 207 148 1000 1000
1000 206 147 1000 1000
1000 205 146 1000 1000
1000 204 145 1000 1000
1000 203 144 1000 1000
1000 202 143 1000 1000
1000 201 142 1000 1000
1000 200 141 1000 1000
1000 199 140 1000 1000
1000 198 139 1000 1000
1000 197 138 1000 1000
1000 196 137 1000 1000
1000 195 136 1000 1000
1000 194 135 1000 1000
1000 193 134 1000 1000
1000 192 133 1000 1000
1000 191 132 1000 1000
1000 190 131 1000 1000
1000 189 130 1000 1000
1000 188 129 1000 1000
1000 187 128 1000 1000
1000 186 127 1000 1000
1000 185 126 1000 1000
1000 184 125 1000 1000
1000 183 124 1000 1000
1000 182 123 1000 1000
1000 181 122 1000 1000
1000 180 121 1000 1000
1000 179 120 1000 1000
1000 178 119 1000 1000
1000 177 118 1000 1000
1000 176 117 1000 1000
1000 175 116 1000 1000
1000 174 115 1000 1000
1000 173 114 1000 1000
1000 172 113 1000 1000
1000 171 112 1000 1000
1000 170 111 1000 1000
1000 169 110 1000 1000
1000 168 109 1000 1000
1000 167 108 1000 1000
1000 166 107 1000 1000
1000 165 106 1000 1000
1000 164 105 1000 1000
1000 163 104 1000 1000
1000 162 103 1000 1000
1000 161 102 1000 1000
1000 160 101 1000 1000
1000 159 100 1000 1000
1000 158 99 1000 1000
1000 157 98 1000 1000
1000 156 97 1000 1000
1000 155 96 1000 1000
1000 154 95 1000 1000
1000 153 94 1000 1000
1000 152 93 1000 1000
1000 151 92 1000 1000
1000 150 91 1000 1000
1000 149 90 1000 1000
1000 148 89 1000 1000
1000 147 88 1000 1000
1000 146 87 1000 1000
1000 145 86 1000 1000
1000 144 85 1000 1000
1000 143 84 1000 1000
1000 142 83 1000 1000
1000 141 82 1000 1000
1000 140 81 1000 1000
1000 139 80 1000 1000
1000 138 79 1000 1000
1000 137 78 1000 1000
1000 136 77 1000 1000
1000 135 76 1000 1000
1000 134 75 1000 1000
1000 133 74 1000 1000
1000 132 73 1000 1000
1000 131 72 1000 1000
1000 130 71 1000 1000
1000 129 70 1000 1000
1000 128 69 1000 1000
1000 127 68 1000 1000
1000 126 67 1000 1000
1000 125 66 1000 1000
1000 124 65 1000 1000
1000 123 64 1000 1000
1000 122 63 1000 1000
1000 121 62 1000 1000
1000 120 61 1000 1000
1000 119 60 1000 1000
1000 118 59 1000 1000
1000 117 58 1000 1000
1000 116 57 1000 1000
1000 115 56 1000 1000
1000 114 55 1000 1000
1000 113 54 1000 1000
1000 112 53 1000 1000
1000 111 52 1000 1000
1000 110 51 1000 1000
1000 109 50 1000 1000
1000 108 49 1000 1000
1000 107 48 1000 1000
1000 106 47 1000 1000
1000 105 46 1000 1000
1000 104 45 1000 1000
1000 103 44 1000 1000
1000 102 43 1000 1000
1000 101 42 1000 1000
1000 100 41 1000 1000
1000 99 40 1000 1000
1000 98 39 1000 1000
1000 97 38 1000 1000
1000 96 37 1000 1000
1000 95 36 1000 1000
1000 94 35 1000 1000
1000 93 34 1000 1000
1000 92 33 1000 1000
1000 91 32 1000 1000
1000 90 31 1000 1000
1000 89 30 1000 1000
1000 88 29 1000 1000
1000 87 28 1000 1000
1000 86 27 1000 1000
1000 85 26 1000 1000
1000 84 25 1000 1000
1000 83 24 1000 1000
1000 82 23 1000 1000
1000 81 22 1000 1000
1000 80 21 1000 1000
1000 79 20 1000 1000
1000 78 19 1000 1000
1000 77 18 1000 1000
1000 76 17 1000 1000
1000 75 16 1000 1000
1000 74 15 1000 1000
1000 73 14 1000 1000
1000 72 13 1000 1000
1000 71 12 1000 1000
1000 70 11 1000 1000
1000 69 10 1000 1000
1000 68 9 1000 1000
1000 67 8 1000 1000
1000 66 7 1000 1000
1000 65 6 1000 1000
1000 64 5 1000 1000
1000 63 4 1000 1000
1000 62 3 1000 1000
1000 61 2 1000 1000
1000 60 1 1000 1000
1000 59 0 1000 1000
1000 58 158 1000 1000
1000 57 157 1000 1000
1000 56 156 1000 1000
1000 55 155 1000 1000
1000 54 154 1000 1000
1000 53 153 1000 1000
1000 52 152 1000 1000
1000 51 151 1000 1000
1000 50 150 1000 1000
1000 49 149 1000 1000
1000 48 148 1000 1000
1000 47 147 1000 1000
1000 46 146 1000 1000
1000 45 145 1000 1000
1000 44 144 1000 1000
1000 43 143 1000 1000
1000 42 142 1000 1000
1000 41 141 1000 1000
1000 40 140 1000 1000
1000 39 139 1000 1000
1000 38 138 1000 1000
1000 37 137 1000 1000
1000 36 136 1000 1000
1000 35 135 1000 1000
1000 34 134 1000 1000
1000 33 133 1000 1000
1000 32 132 1000 1000
1000 31 131 1000 1000
1000 30 130 1000 1000
1000 29 129 1000 1000
1000 28 128 1000 1000
1000 27 127 1000 1000
1000 26 126 1000 1000
1000 25 125 1000 1000
1000 24 124 1000 1000
1000 23 123 1000 1000
1000 22 122 1000 1000
1000 21 121 1000 1000
1000 20 120 1000 1000
1000 19 119 1000 1000
1000 18 118 1000 1000
1000 17 117 1000 1000
1000 16 116 1000 1000
1000 15 115 1000 1000
1000 14 114 1000 1000
1000 13 113 1000 1000
1000 12 112 1000 1000
1000 11 111 1000 1000
1000 10 110 1000 1000
1000 9 109 1000 1000
1000 8 108 1000 1000
1000 7 107 1000 1000
1000 6 106 1000 1000
1000 5 105 1000 1000
1000 4 104 1000 1000
1000 3 103 1000 1000
1000 2 102 1000 1000
1000 1 101 1000 1000
1000 0 100 1000 1000
1000 1000 99 1000 1000
1000 1000 98 1000 1000
1000 1000 97 1000 1000
1000 1000 96 1000 1000
1000 1000 95 1000 1000
1000 1000 94 1000 1000
1000 1000 93 1000 1000
1000 1000 92 1000 1000
1000 1000 91 1000 1000
1000 1000 90 1000 1000
1000 1000 89 1000 1000
1000 1000 88 1000 1000
1000 1000 87 1000 1000
1000 1000 86 1000 1000
1000 1000 85 1000 1000
1000 1000 84 1000 1000
1000 1000 83 1000 1000
1000 1000 82 1000 1000
1000 1000 81 1000 1000
1000 1000 80 1000 1000
1000 1000 79 1000 1000
1000 1000 78 1000 1000
1000 1000 77 1000 1000
1000 1000 76 1000 1000
1000 1000 75 1000 1000
1000 1000 74 1000 1000
1000 1000 73 1000 1000
1000 1000 72 1000 1000
1000 1000 71 1000 1000
1000 1000 70 1000 1000
1000 1000 69 1000 1000
1000 1000 68 1000 1000
1000 1000 67 1000 1000
1000 1000 66 1000 1000
1000 1000 65 1000 1000
1000 1000 64 1000 1000
1000 1000 63 1000 1000
1000 1000 62 1000 1000
1000 1000 61 1000 1000
1000 1000 60 1000 1000
1000 1000 59 1000 1000
1000 1000 58 1000 1000
1000 1000 57 1000 1000
1000 1000 56 1000 1000
1000 1000 55 1000 1000
1000 1000 54 1000 1000
1000 1000 53 1000 1000
1000 1000 52 1000 1000
1000 1000 51 1000 1000
1000 1000 50 1000 1000
1000 1000 49 1000 1000
1000 1000 48 1000 1000
1000 1000 47 1000 1000
1000 1000 46 1000 1000
1000 1000 45 1000 1000
1000 1000 44 1000 1000
1000 1000 43 1000 1000
1000 1000 42 1000 1000
1000 1000 41 1000 1000
1000 1000 40 1000 1000
1000 1000 39 1000 1000
1000 1000 38 1000 1000
1000 1000 37 1000 1000
1000 1000 36 1000 1000
1000 1000 35 1000 1000
1000 1000 34 1000 1000
1000 1000 33 1000 1000
1000 1000 32 1000 1000
1000 1000 31 1000 1000
1000 1000 30 1000 1000
1000 1000 29 1000 1000
1000 1000 28 1000 1000
1000 1000 27 1000 1000
1000 1000 26 1000 1000
1000 1000 25 1000 1000
1000 1000 24 1000 1000
1000 1000 23 1000 1000
1000 1000 22 1000 1000
1000 1000 21 1000 1000
1000 1000 20 1000 1000
1000 1000 19 1000 1000
1000 1000 18 1000 1000
1000 1000 17 1000 1000
1000 1000 16 1000 1000
1000 1000 15 1000 1000
1000 1000 14 1000 1000
1000 1000 13 1000 1000
1000 1000 12 1000 1000
1000 1000 11 1000 1000
1000 1000 10 1000 1000
1000 1000 9 1000 1000
1000 1000 8 1000 1000
1000 1000 7 1000 1000
1000 1000 6 1000 1000
1000 1000 5 1000 1000
1000 1000 4 1000 1000
1000 1000 3 1000 1000
1000 1000 2 1000 1000
1000 1000 1 1000 1000
1000 1000 0 1000 1000
1000 1000 1000 1000 1000
1000 1000 1000 1000 1000
1000 1000 1000 1000 1000
1000 1000 1000 1000 1000
1000 1000 1000 1000 1000
1000 1000 1000 1000 1000
1000 1000 1000 1000 1000
1000 1000 1000 1000 1000
1000 1000 1000 1000 1000
1000 1000 1000 1000 1000
1000 1000 1000 1000 1000
1000 1000 1000 1000 1000
1000 1000 1000 1000 1000
1000 1000 1000 1000 1000
1000 1000 1000 1000 1000
1000 1000 1000 1000 1000
1000 1000 1000 1000 1000
1000 1000 1000 1000 1000
1000 1000 1000 1000 1000
1000 1000 1000 1000 1000
1000 1000 1000 1000 1000
1000 1000 1000 1000 1000
1000 1000 1000 1000 1000
1000 1000 1000 1000 1000
1000 1000 1000 1000 1000
1000 1000 1000 1000 1000
1000 1000 1000 1000 1000
1000 1000 1000 1000 1000
1000 1000 1000 1000 1000
1000 1000 1000 1000 1000
1000 1000 1000 1000 1000
1000 1000 1000 1000 1000
1000 1000 1000 1000 1000
1000 1000 1000 1000 1000
1000 1000 1000 1000 1000
1000 1000 1000 1000 1000
1000 1000 1000 1000 1000
1000 1000 1000 1000 1000
1000 1000 1000 1000 1000
1000 1000 1000 1000 1000
1000 1000 1000 1000 1000
1000 1000 1000 1000 1000
1000 1000 1000 1000 1000
1000 1000 1000 1000 1000
1000 1000 1000 1000 1000
1000 1000 1000 1000 1000
1000 1000 1000 1000 1000
1000 1000 1000 1000 1000
1000 1000 1000 1000 1000
1000 1000 1000 1000 1000
1000 1000 1000 1000 1000
1000 1000 1000 1000 1000
1000 1000 1000 1000 1000
1000 1000 1000 1000 1000
1000 1000 1000 1000 1000
1000 1000 1000 1000 1000
1000 1000 1000 1000 1000
1000 1000 1000 1000 1000
1000 1000 1000 1000 1000
1000 1000 1000 1000 1000
1000 1000 1000 1000 1000
1000 1000 1000 1000 1000
1000 1000 1000 1000 1000
1000 1000 1000 1000 1000
1000 1000 1000 1000 1000
1000 1000 1000 1000 1000
1000 1000 1000 1000 1000
1000 1000 1000 1000 1000
1000 1000 1000 1000 1000
1000 1000 1000 1000 1000
1000 1000 1000 1000 1000
1000 1000 1000 1000 1000
1000 1000 1000 1000 1000
1000 1000 1000 1000 1000
1000 1000 1000 1000 1000
1000 1000 1000 1000 1000
1000 1000 1000 1000 1000
1000 1000 1000 1000 1000
1000 1000 1000 1000 1000
1000 1000 1000 1000 1000
1000 1000 1000 1000 1000
1000 1000 1000 1000 1000
1000 1000 1000 1000 1000
1000 1000 1000 1000 1000
1000 1000 1000 1000 1000
1000 1000 1000 1000 1000
1000 1000 1000 1000 1000
1000 1000 1000 1000 1000
1000 1000 1000 1000 1000
1000 1000 1000 1000 1000
1000 1000 1000 1000 1000
1000 1000 1000 1000 1000
1000 1000 1000 1000 1000
1000 1000 1000 1000 1000
1000 1000 1000 1000 1000
1000 1000 1000 1000 1000
1000 1000 1000 1000 1000
1000 1000 1000 1000 1000
1000 1000 1000 1000 1000
1000 1000 1000 1000 1000
1000 1000 1000 1000 1000
1000 1000 1000 1000 1000
1000 1000 1000 1000 1000
1000 1000 1000 1000 1000
1000 1000 1000 1000 1000
1000 1000 1000 1000 1000
1000 1000 1000 1000 1000
1000 1000 1000 1000 1000
1000 1000 1000 1000 1000
1000 1000 1000 1000 1000
1000 1000 1000 1000 1000
1000 1000 1000 1000 1000
1000 1000 1000 1000 1000
1000 1000 1000 1000 1000
1000 1000 1000 1000 1000
1000 1000 1000 1000 1000
1000 1000 1000 1000 1000
1000 1000 1000 1000 1000
1000 1000 1000 1000 1000
1000 1000 1000 1000 1000
1000 1000 1000 1000 1000
1000 1000 1000 1000 1000
1000 1000 1000 1000 1000
1000 1000 1000 1000 1000
1000 1000 1000 1000 1000
1000 1000 1000 1000 1000
1000 1000 1000 1000 1000
1000 1000 1000 1000 1000
1000 1000 1000 1000 1000
1000 1000 1000 1000 1000
1000 1000 1000 1000 1000
1000 1000 1000 1000 1000
1000 1000 1000 1000 1000
1000 1000 1000 1000 1000
1000 1000 1000 1000 1000
1000 1000 1000 1000 1000
1000 1000 1000 1000 1000
1000 1000 1000 1000 1000
1000 1000 1000 1000 1000
1000 1000 1000 1000 1000
1000 1000 1000 1000 1000
1000 1000 1000 1000 1000
1000 1000 1000 1000 1000
1000 1000 1000 1000 1000
1000 1000 1000 1000 1000
1000 1000 1000 1000 1000
1000 1000 1000 1000 1000
1000 1000 1000 1000 1000
1000 1000 1000 1000 1000
1000 1000 1000 1000 1000
1000 1000 1000 1000 1000
1000 1000 1000 1000 1000
1000 1000 1000 1000 1000
1000 1000 1000 1000 1000
1000 1000 1000 1000 1000
1000 1000 1000 1000 1000
1000 1000 1000 1000 1000
1000 1000 1000 1000 1000
1000 1000 1000 1000 1000
1000 1000 1000 1000 1000
1000 1000 1000 1000 1000
1000 1000 1000 1000 1000
1000 1000 1000 1000 1000
1000 1000 1000 1000 1000
1000 1000 1000 1000 1000
1000 1000 1000 1000 1000
1000 1000 1000 1000 1000
1000 1000 1000 1000 1000
1000 1000 1000 1000 1000
1000 1000 1000 1000 1000
1000 1000 1000 1000 1000
1000 1000 1000 1000 1000
1000 1000 1000 1000 1000
1000 1000 1000 1000 1000
1000 1000 1000 1000 1000
1000 1000 1000 1000 1000
1000 1000 1000 1000 1000
1000 1000 1000 1000 1000
1000 1000 1000 1000 1000
1000 1000 1000 1000 1000
1000 1000 1000 1000 1000
1000 1000 1000 1000 1000
1000 1000 1000 1000 1000
1000 1000 1000 1000 1000
1000 1000 1000 1000 1000
1000 1000 1000 1000 1000
1000 1000 1000 1000 1000
1000 1000 1000 1000 1000
1000 1000 1000 1000 1000
1000 1000 1000 1000 1000
1000 1000 1000 1000 1000
1000 1000 1000 1000 1000
1000 1000 1000 1000 1000
1000 1000 1000 1000 1000
1000 1000 1000 1000 1000
1000 1000 1000 1000 1000
1000 1000 1000 1000 1000
1000 1000 1000 1000 1000
1000 1000 1000 1000 1000
1000 1000 1000 1000 1000
1000 1000 1000 1000 1000
1000 1000 1000 1000 1000
1000 1000 1000 1000 1000
1000 1000 1000 1000 1000
1000 1000 1000 1000 1000
1000 1000 1000 1000 1000
1000 1000 1000 1000 1000
1000 1000 1000 1000 1000
1000 1000 1000 1000 1000
1000 1000 1000 1000 1000
1000 1000 1000 1000 1000
1000 1000 1000 1000 1000
1000 1000 1000 1000 1000
1000 1000 1000 1000 1000
1000 1000 1000 1000 1000
1000 1000 1000 1000 1000
1000 1000 1000 1000 1000
1000 1000 1000 1000 1000
1000 1000 1000 1000 1000
1000 1000 1000 1000 1000
1000 1000 1000 1000 1000
1000 1000 1000 1000 1000
1000 1000 1000 1000 1000
1000 1000 1000 1000 1000
1000 1000 1000 1000 1000
1000 1000 1000 1000 1000
1000 1000 1000 1000 1000
1000 1000 1000 1000 1000
1000 1000 1000 1000 1000
1000 1000 1000 1000 1000
1000 1000 1000 1000 1000
1000 1000 1000 1000 1000
1000 1000 1000 1000 1000
1000 1000 1000 1000 1000
1000 1000 1000 1000 1000
1000 1000 1000 1000 1000
1000 1000 1000 1000 1000
1000 1000 1000 1000 1000
1000 1000 1000 1000 1000
1000 1000 1000 1000 1000
1000 1000 1000 1000 1000
1000 1000 1000 1000 1000
1000 1000 1000 1000 1000
1000 1000 1000 1000 1000
1000 1000 1000 1000 1000
1000 1000 1000 1000 1000
1000 1000 1000 1000 1000
1000 1000 1000 1000 1000
1000 1000 1000 1000 1000
1000 1000 1000 1000 1000
1000 1000 1000 1000 1000
1000 1000 1000 1000 1000
1000 1000 1000 1000 1000
1000 1000 1000 1000 1000
1000 1000 1000 1000 1000
1000 1000 1000 1000 1000
1000 1000 1000 1000 1000
1000 1000 1000 1000 1000
1000 1000 1000 1000 1000
1000 1000 1000 1000 1000
1000 1000 1000 1000 1000
1000 1000 1000 1000 1000
1000 1000 1000 1000 1000
1000 1000 1000 1000 1000
1000 1000 1000 1000 1000
1000 1000 1000 1000 1000
1000 1000 1000 1000 1000
1000 1000 1000 1000 1000
1000 1000 1000 1000 1000
1000 1000 1000 1000 1000
1000 1000 1000 1000 1000
1000 1000 1000 1000 1000
1000 1000 1000 1000 1000
1000 1000 1000 1000 1000
1000 1000 1000 1000 1000
1000 1000 1000 1000 1000
1000 1000 1000 1000 1000
1000 1000 1000 1000 1000
1000 1000 1000 1000 1000
1000 1000 1000 1000 1000
1000 1000 1000 1000 1000
1000 1000 1000 1000 1000
1000 1000 1000 1000 1000
1000 1000 1000 1000 1000
1000 1000 1000 1000 1000
1000 1000 1000 1000 1000
1000 1000 1000 1000 1000
1000 1000 1000 1000 1000
1000 1000 1000 1000 1000
1000 1000 1000 1000 1000
1000 1000 1000 1000 1000
1000 1000 1000 1000 1000
1000 1000 1000 1000 1000
1000 1000 1000 1000 1000
1000 1000 1000 1000 1000
1000 1000 1000 1000 1000
1000 1000 1000 1000 1000
1000 1000 1000 1000 1000
1000 1000 1000 1000 1000
1000 1000 1000 1000 1000
1000 1000 1000 1000 1000
1000 1000 1000 1000 1000
1000 1000 1000 1000 1000
1000 1000 1000 1000 1000
1000 1000 1000 1000 1000
1000 1000 1000 1000 1000
1000 1000 1000 1000 1000
1000 1000 1000 1000 1000
1000 1000 1000 1000 1000
1000 1000 1000 1000 1000
1000 1000 1000 1000 1000
1000 1000 1000 1000 1000
1000 1000 1000 1000 1000
1000 1000 1000 1000 1000
1000 1000 1000 1000 1000
1000 1000 1000 1000 1000
1000 1000 1000 1000 1000
1000 1000 1000 1000 1000
1000 1000 1000 1000 1000
1000 1000 1000 1000 1000
1000 1000 1000 1000 1000
1000 1000 1000 1000 1000
1000 1000 1000 1000 1000
1000 1000 1000 1000 1000
1000 1000 1000 1000 1000
1000 1000 1000 1000 1000
1000 1000 1000 1000 1000
1000 1000 1000 1000 1000
1000 1000 1000 1000 1000
1000 1000 1000 1000 1000
1000 1000 1000 1000 1000
1000 1000 1000 1000 1000
1000 1000 1000 1000 1000
1000 1000 1000 1000 1000
1000 1000 1000 1000 1000
1000 1000 1000 1000 1000
1000 1000 1000 1000 1000
1000 1000 1000 1000 1000
1000 1000 1000 1000 1000
1000 1000 1000 1000 1000
1000 1000 1000 1000 1000
1000 1000 1000 1000 1000
1000 1000 1000 1000 1000
1000 1000 1000 1000 1000
1000 1000 1000 1000 1000
1000 1000 1000 1000 1000
1000 1000 1000 1000 1000
1000 1000 1000 1000 1000
1000 1000 1000 1000 1000
1000 1000 1000 1000 1000
1000 1000 1000 1000 1000
1000 1000 1000 1000 1000
1000 1000 1000 1000 1000
1000 1000 1000 1000 1000
1000 1000 1000 1000 1000
1000 1000 1000 1000 1000
1000 1000 1000 1000 1000
1000 1000 1000 1000 1000
1000 1000 1000 1000 1000
1000 1000 1000 1000 1000
1000 1000 1000 1000 1000
1000 1000 1000 1000 1000
1000 1000 1000 1000 1000
1000 1000 1000 1000 1000
1000 1000 1000 1000 1000
1000 1000 1000 1000 1000
1000 1000 1000 1000 1000
1000 1000 1000 1000 1000
1000 1000 1000 1000 1000
1000 1000 1000 1000 1000
1000 1000 1000 1000 1000
1000 1000 1000 1000 1000
1000 1000 1000 1000 1000
1000 1000 1000 1000 1000
1000 1000 1000 1000 1000
1000 1000 1000 1000 1000
1000 1000 1000 1000 1000
1000 1000 1000 1000 1000
1000 1000 1000 1000 1000
1000 1000 1000 1000 1000
1000 1000 1000 1000 1000
1000 1000 1000 1000 1000
1000 1000 1000 1000 1000
1000 1000 1000 1000 1000
1000 1000 1000 1000 1000
1000 1000 1000 1000 1000
1000 1000 1000 1000 1000
1000 1000 1000 1000 1000
1000 1000 1000 1000 1000
1000 1000 1000 1000 1000
1000 1000 1000 1000 1000
1000 1000 1000 1000 1000
1000 1000 1000 1000 1000
1000 1000 1000 1000 1000
1000 1000 1000 1000 1000
1000 1000 1000 1000 1000
1000 1000 1000 1000 1000
1000 1000 1000 1000 1000
1000 1000 1000 1000 1000
1000 1000 1000 1000 1000
1000 1000 1000 1000 1000
1000 1000 1000 1000 1000
1000 1000 1000 1000 1000
1000 1000 1000 1000 1000
1000 1000 1000 1000 1000
1000 1000 1000 1000 1000
1000 1000 1000 1000 1000
1000 1000 1000 1000 1000
1000 1000 1000 1000 1000
1000 1000 1000 1000 1000
1000 1000 1000 1000 1000
1000 1000 1000 1000 1000
1000 1000 1000 1000 1000
1000 1000 1000 1000 1000
1000 1000 1000 1000 1000
1000 1000 1000 1000 1000
1000 1000 1000 1000 1000
1000 1000 1000 1000 1000
1000 1000 1000 1000 1000
1000 1000 1000 1000 1000
1000 1000 1000 1000 1000
1000 1000 1000 1000 1000
1000 1000 1000 1000 1000
1000 1000 1000 1000 1000
1000 1000 1000 1000 1000
1000 1000 1000 1000 1000
1000 1000 1000 1000 1000
1000 1000 1000 1000 1000
1000 1000 1000 1000 1000
1000 1000 1000 1000 1000
1000 1000 1000 1000 1000
1000 1000 1000 1000 1000
1000 1000 1000 1000 1000
1000 1000 1000 1000 1000
1000 1000 1000 1000 1000
1000 1000 1000 1000 1000
1000 1000 1000 1000 1000
1000 1000 1000 1000 1000
1000 1000 1000 1000 1000
1000 1000 1000 1000 1000
1000 1000 1000 1000 1000
1000 1000 1000 1000 1000
1000 1000 1000 1000 1000
1000 1000 1000 1000 1000
1000 1000 1000 1000 1000
1000 1000 1000 1000 1000
1000 1000 1000 1000 1000
1000 1000 1000 1000 1000
1000 1000 1000 1000 1000
1000 1000 1000 1000 1000
1000 1000 1000 1000 1000
1000 1000 1000 1000 1000
1000 1000 1000 1000 1000
1000 1000 1000 1000 1000
1000 1000 1000 1000 1000
1000 1000 1000 1000 1000
1000 1000 1000 1000 1000
1000 1000 1000 1000 1000
1000 1000 1000 1000 1000
1000 1000 1000 1000 1000
1000 1000 1000 1000 1000
1000 1000 1000 1000 1000
1000 1000 1000 1000 1000
1000 1000 1000 1000 1000
1000 1000 1000 1000 1000
1000 1000 1000 1000 1000
1000 1000 1000 1000 1000
1000 1000 1000 1000 1000
1000 1000 1000 1000 1000
1000 1000 1000 1000 1000
1000 1000 1000 1000 1000
1000 1000 1000 1000 1000
1000 1000 1000 1000 1000
1000 1000 1000 1000 1000
1000 1000 1000 1000 1000
1000 1000 1000 1000 1000
1000 1000 1000 1000 1000
1000 1000 1000 1000 1000
1000 1000 1000 1000 1000
1000 1000 1000 1000 1000
1000 1000 1000 1000 1000
1000 1000 1000 1000 1000
1000 1000 1000 1000 1000
1000 1000 1000 1000 1000
1000 1000 1000 1000 1000
1000 1000 1000 1000 1000
1000 1000 1000 1000 1000
1000 1000 1000 1000 1000
1000 1000 1000 1000 1000
1000 1000 1000 1000 1000
1000 1000 1000 1000 1000
1000 1000 1000 1000 1000
1000 1000 1000 1000 1000
1000 1000 1000 1000 1000
1000 1000 1000 1000 1000
1000 1000 1000 1000 1000
1000 1000 1000 1000 1000
1000 1000 1000 1000 1000
1000 1000 1000 1000 1000
1000 1000 1000 1000 1000
1000 1000 1000 1000 1000
1000 1000 1000 1000 1000
1000 1000 1000 1000 1000
1000 1000 1000 1000 1000
1000 1000 1000 1000 1000
1000 1000 1000 1000 1000
1000 1000 1000 1000 1000
1000 1000 1000 1000 1000
1000 1000 1000 1000 1000
1000 1000 1000 1000 1000
1000 1000 1000 1000 1000
1000 1000 1000 1000 1000
1000 1000 1000 1000 1000
1000 1000 1000 1000 1000
1000 1000 1000 1000 1000
1000 1000 1000 1000 1000
1000 1000 1000 1000 1000
1000 1000 1000 1000 1000
1000 1000 1000 1000 1000
1000 1000 1000 1000 1000
1000 1000 1000 1000 1000
1000 1000 1000 1000 1000
1000 1000 1000 1000 1000
1000 1000 1000 1000 1000
1000 1000 1000 1000 1000
1000 1000 1000 1000 1000
1000 1000 1000 1000 1000
1000 1000 1000 1000 1000
1000 1000 1000 1000 1000
1000 1000 1000 1000 1000
1000 1000 1000 1000 1000
1000 1000 1000 1000 1000
1000 1000 1000 1000 1000
1000 1000 1000 1000 1000
1000 1000 1000 1000 1000
1000 1000 1000 1000 1000
1000 1000 1000 1000 1000
1000 1000 1000 1000 1000
1000 1000 1000 1000 1000
1000 1000 1000 1000 1000
1000 1000 1000 1000 1000
1000 1000 1000 1000 1000
1000 1000 1000 1000 1000
1000 1000 1000 1000 1000
1000 1000 1000 1000 1000
1000 1000 1000 1000 1000
1000 1000 1000 1000 1000
1000 1000 1000 1000 1000
1000 1000 1000 1000 1000
1000 1000 1000 1000 1000
1000 1000 1000 1000 1000
1000 1000 1000 1000 1000
1000 1000 1000 1000 1000
1000 1000 1000 1000 1000
1000 1000 1000 1000 1000
1000 1000 1000 1000 1000
1000 1000 1000 1000 1000
1000 1000 1000 1000 1000
1000 1000 1000 1000 1000
1000 1000 1000 1000 1000
1000 1000 1000 1000 1000
1000 1000 1000 1000 1000
1000 1000 1000 1000 1000
1000 1000 1000 1000 1000
1000 1000 1000 1000 1000
1000 1000 1000 1000 1000
1000 1000 1000 1000 1000
1000 1000 1000 1000 1000
1000 1000 1000 1000 1000
1000 1000 1000 1000 1000
1000 1000 1000 1000 1000
1000 1000 1000 1000 1000
1000 1000 1000 1000 1000
1000 1000 1000 1000 1000
1000 1000 1000 1000 1000
1000 1000 1000 1000 1000
1000 1000 1000 1000 1000
1000 1000 1000 1000 1000
1000 1000 1000 1000 1000
1000 1000 1000 1000 1000
1000 1000 1000 1000 1000
1000 1000 1000 1000 1000
1000 1000 1000 1000 1000
1000 1000 1000 1000 1000
1000 1000 1000 1000 1000
1000 1000 1000 1000 1000
1000 1000 1000 1000 1000
1000 1000 1000 1000 1000
1000 1000 1000 1000 1000
1000 1000 1000 1000 1000
1000 1000 1000 1000 1000
1000 1000 1000 1000 1000
1000 1000 1000 1000 1000
1000 1000 1000 1000 1000
1000 1000 1000 1000 1000
1000 1000 1000 1000 1000
1000 1000 1000 1000 1000
1000 1000 1000 1000 1000
1000 1000 1000 1000 1000
1000 1000 1000 1000 1000
1000 1000 1000 1000 1000
1000 1000 1000 1000 1000
1000 1000 1000 1000 1000
1000 1000 1000 1000 1000
1000 1000 1000 1000 1000
1000 1000 1000 1000 1000
1000 1000 1000 1000 1000
1000 1000 1000 1000 1000
1000 1000 1000 1000 1000
1000 1000 1000 1000 1000
1000 1000 1000 1000 1000
1000 1000 1000 1000 1000
1000 1000 1000 1000 1000
1000 1000 1000 1000 1000
1000 1000 1000 1000 1000
1000 1000 1000 1000 1000
1000 1000 1000 1000 1000
1000 1000 1000 1000 1000
1000 1000 1000 1000 1000
1000 1000 1000 1000 1000
1000 1000 1000 1000 1000
1000 1000 1000 1000 1000
1000 1000 1000 1000 1000
1000 1000 1000 1000 1000
1000 1000 1000 1000 1000
1000 1000 1000 1000 1000
1000 1000 1000 1000 1000
1000 1000 1000 1000 1000
1000 1000 1000 1000 1000
1000 1000 1000 1000 1000
1000 1000 1000 1000 1000
1000 1000 1000 1000 1000
1000 1000 1000 1000 1000
1000 1000 1000 1000 1000
1000 1000 1000 1000 1000
1000 1000 1000 1000 1000
1000 1000 1000 1000 1000
1000 1000 1000 1000 1000
1000 1000 1000 1000 1000
1000 1000 1000 1000 1000
1000 1000 1000 1000 1000
1000 1000 1000 1000 1000
1000 1000 1000 1000 1000
1000 1000 1000 1000 1000
1000 1000 1000 1000 1000
1000 1000 1000 1000 1000
1000 1000 1000 1000 1000
1000 1000 1000 1000 1000
1000 1000 1000 1000 1000
1000 1000 1000 1000 1000
1000 1000 1000 1000 1000
1000 1000 1000 1000 1000
1000 1000 1000 1000 1000
1000 1000 1000 1000 1000
1000 1000 1000 1000 1000
1000 1000 1000 1000 1000
1000 1000 1000 1000 1000
1000 1000 1000 1000 1000
1000 1000 1000 1000 1000
1000 1000 1000 1000 1000
1000 1000 1000 1000 1000
1000 1000 1000 1000 1000
1000 1000 1000 1000 1000
1000 1000 1000 1000 1000
1000 1000 1000 1000 1000
1000 1000 1000 1000 1000
1000 1000 1000 1000 1000
1000 1000 1000 1000 1000
1000 1000 1000 1000 1000
1000 1000 1000 1000 1000
1000 1000 1000 1000 1000
1000 1000 1000 1000 1000
1000 1000 1000 1000 1000
1000 1000 1000 1000 1000
1000 1000 1000 1000 1000
1000 1000 1000 1000 1000
1000 1000 1000 1000 1000
1000 1000 1000 1000 1000
1000 1000 1000 1000 1000
1000 1000 1000 1000 1000
1000 1000 1000 1000 1000
1000 1000 1000 1000 1000
1000 1000 1000 1000 1000
1000 1000 1000 1000 1000
1000 1000 1000 1000 1000
1000 1000 1000 1000 1000
1000 1000 1000 1000 1000
1000 1000 1000 1000 1000
1000 1000 1000 1000 1000
1000 1000 1000 1000 1000
1000 1000 1000 1000 1000
1000 1000 1000 1000 1000
1000 1000 1000 1000 1000
1000 1000 1000 1000 1000
1000 1000 1000 1000 1000
1000 1000 1000 1000 1000
1000 1000 1000 1000 1000
1000 1000 1000 1000 1000
1000 1000 1000 1000 1000
1000 1000 1000 1000 1000
1000 1000 1000 1000 1000
1000 1000 1000 1000 1000
1000 1000 1000 1000 1000
1000 1000 1000 1000 1000
1000 1000 1000 1000 1000
1000 1000 1000 1000 1000
1000 1000 1000 1000 1000
1000 1000 1000 1000 1000
1000 1000 1000 1000 1000
1000 1000 1000 1000 1000
1000 1000 1000 1000 1000
1000 1000 1000 1000 1000
1000 1000 1000 1000 1000
1000 1000 1000 1000 1000
1000 1000 1000 1000 1000
1000 1000 1000 1000 1000
1000 1000 1000 1000 1000
1000 1000 1000 1000 1000
1000 1000 1000 1000 1000
1000 1000 1000 1000 1000
1000 1000 1000 1000 1000
1000 1000 1000 1000 1000
1000 1000 1000 1000 1000
1000 1000 1000 1000 1000
1000 1000 1000 1000 1000
1000 1000 1000 1000 1000
1000 1000 1000 1000 1000
1000 1000 1000 1000 1000
1000 1000 1000 1000 1000
1000 1000 1000 1000 1000
1000 1000 1000 1000 1000
1000 1000 1000 1000 1000
1000 1000 1000 1000 1000
1000 1000 1000 1000 1000
1000 1000 1000 1000 1000
1000 1000 1000 1000 1000
1000 1000 1000 1000 1000
1000 1000 1000 1000 1000
1000 1000 1000 1000 1000
1000 1000 1000 1000 1000
1000 1000 1000 1000 1000
1000 1000 1000 1000 1000
1000 1000 1000 1000 1000
1000 1000 1000 1000 1000
1000 1000 1000 1000 1000
1000 1000 1000 1000 1000
1000 1000 1000 1000 1000
1000 1000 1000 1000 1000
1000 1000 1000 1000 1000
1000 1000 1000 1000 1000
1000 1000 1000 1000 1000
1000 1000 1000 1000 1000
1000 1000 1000 1000 1000
1000 1000 1000 1000 1000
1000 1000 1000 1000 1000
1000 1000 1000 1000 1000
1000 1000 1000 1000 1000
1000 1000 1000 1000 1000
1000 1000 1000 1000 1000
1000 1000 1000 1000 1000
1000 1000 1000 1000 1000
1000 1000 1000 1000 1000
1000 1000 1000 1000 1000
1000 1000 1000 1000 1000
1000 1000 1000 1000 1000
1000 1000 1000 1000 1000
1000 1000 1000 1000 1000
1000 1000 1000 1000 1000
1000 1000 1000 1000 1000
1000 1000 1000 1000 1000
1000 1000 1000 1000 1000
1000 1000 1000 1000 1000
1000 1000 1000 1000 1000
1000 1000 1000 1000 1000
1000 1000 1000 1000 1000
1000 1000 1000 1000 1000
1000 1000 1000 1000 1000
1000 1000 1000 1000 1000
1000 1000 1000 1000 1000
1000 1000 1000 1000 1000
1000 1000 1000 1000 1000
1000 1000 1000 1000 1000
1000 1000 1000 1000 1000
1000 1000 1000 1000 1000
1000 1000 1000 1000 1000
1000 1000 1000 1000 1000
1000 1000 1000 1000 1000
1000 1000 1000 1000 1000
1000 1000 1000 1000 1000
1000 1000 1000 1000 1000
1000 1000 1000 1000 1000
1000 1000 1000 1000 1000
1000 1000 1000 1000 1000
1000 1000 1000 1000 1000
1000 1000 1000 1000 1000
1000 1000 1000 1000 1000
1000 1000 1000 1000 1000
1000 1000 1000 1000 1000
1000 1000 1000 1000 1000
1000 1000 1000 1000 1000
1000 1000 1000 1000 1000
1000 1000 1000 1000 1000
1000 1000 1000 1000 1000
1000 1000 1000 1000 1000
1000 1000 1000 1000 1000
1000 1000 1000 1000 1000
1000 1000 1000 1000 1000
1000 1000 1000 1000 1000
1000 1000 1000 1000 1000
1000 1000 1000 1000 1000
1000 1000 1000 1000 1000
1000 1000 1000 1000 1000
1000 1000 1000 1000 1000
1000 1000 1000 1000 1000
1000 1000 1000 1000 1000
1000 1000 1000 1000 1000
1000 1000 1000 1000 1000
1000 1000 1000 1000 1000
1000 1000 1000 1000 1000
1000 1000 1000 1000 1000
1000 1000 1000 1000 1000
1000 1000 1000 1000 1000
1000 1000 1000 1000 1000
1000 1000 1000 1000 1000
1000 1000 1000 1000 1000
1000 1000 1000 1000 1000
1000 1000 1000 1000 1000
1000 1000 1000 1000 1000
1000 1000 1000 1000 1000
1000 1000 1000 1000 1000
1000 1000 1000 1000 1000
1000 1000 1000 1000 1000
1000 1000 1000 1000 1000
1000 1000 1000 1000 1000
1000 1000 1000 1000 1000
1000 1000 1000 1000 1000
1000 1000 1000 1000 1000
1000 1000 1000 1000 1000
1000 1000 1000 1000 1000
1000 1000 1000 1000 1000
1000 1000 1000 1000 1000
1000 1000 1000 1000 1000
1000 1000 1000 1000 1000
1000 1000 1000 1000 1000
1000 1000 1000 1000 1000
1000 1000 1000 1000 1000
1000 1000 1000 1000 1000
1000 1000 1000 1000 1000
1000 1000 1000 1000 1000
1000 1000 1000 1000 1000
1000 1000 1000 1000 1000
1000 1000 1000 1000 1000
1000 1000 1000 1000 1000
1000 1000 1000 1000 1000
1000 1000 1000 1000 1000
1000 1000 1000 1000 1000
1000 1000 1000 1000 1000
1000 1000 1000 1000 1000
1000 1000 1000 1000 1000
1000 1000 1000 1000 1000
1000 1000 1000 1000 1000
1000 1000 1000 1000 1000
1000 1000 1000 1000 1000
1000 1000 1000 1000 1000
1000 1000 1000 1000 1000
1000 1000 1000 1000 1000
1000 1000 1000 1000 1000
1000 1000 1000 1000 1000
1000 1000 1000 1000 1000
1000 1000 1000 1000 1000
1000 1000 1000 1000 1000
1000 1000 1000 1000 1000
1000 1000 1000 1000 1000
1000 1000 1000 1000 1000
1000 1000 1000 1000 1000
1000 1000 1000 1000 1000
1000 1000 1000 1000 1000
1000 1000 1000 1000 1000
1000 1000 1000 1000 1000
1000 1000 1000 1000 1000
1000 1000 1000 1000 1000
1000 1000 1000 1000 1000
1000 1000 1000 1000 1000
1000 1000 1000 1000 1000
1000 1000 1000 1000 1000
1000 1000 1000 1000 1000
1000 1000 1000 1000 1000
1000 1000 1000 1000 1000
1000 1000 1000 1000 1000
1000 1000 1000 1000 1000
1000 1000 1000 1000 1000
1000 1000 1000 1000 1000
1000 1000 1000 1000 1000
1000 1000 1000 1000 1000
1000 1000 1000 1000 1000
1000 1000 1000 1000 1000
1000 1000 1000 1000 1000
1000 1000 1000 1000 1000
1000 1000 1000 1000 1000
1000 1000 1000 1000 1000
1000 1000 1000 1000 1000
1000 1000 1000 1000 1000
1000 1000 1000 1000 1000
1000 1000 1000 1000 1000
1000 1000 1000 1000 1000
1000 1000 1000 1000 1000
1000 1000 1000 1000 1000
1000 1000 1000 1000 1000
1000 1000 1000 1000 1000
1000 1000 1000 1000 1000
1000 1000 1000 1000 1000
1000 1000 1000 1000 1000
1000 1000 1000 1000 1000
1000 1000 1000 1000 1000
1000 1000 1000 1000 1000
1000 1000 1000 1000 1000
1000 1000 1000 1000 1000
1000 1000 1000 1000 1000
1000 1000 1000 1000 1000
1000 1000 1000 1000 1000
1000 1000 1000 1000 1000
1000 1000 1000 1000 1000
1000 1000 1000 1000 1000
1000 1000 1000 1000 1000
1000 1000 1000 1000 1000
1000 1000 1000 1000 1000
1000 1000 1000 1000 1000
1000 1000 1000 1000 1000
1000 1000 1000 1000 1000
1000 1000 1000 1000 1000
1000 1000 1000 1000 1000
1000 1000 1000 1000 1000
1000 1000 1000 1000 1000
1000 1000 1000 1000 1000
1000 1000 1000 1000 1000
1000 1000 1000 1000 1000
1000 1000 1000 1000 1000
1000 1000 1000 1000 1000
1000 1000 1000 1000 1000
1000 1000 1000 1000 1000
1000 1000 1000 1000 1000
1000 1000 1000 1000 1000
1000 1000 1000 1000 1000
1000 1000 1000 1000 1000
1000 1000 1000 1000 1000
1000 1000 1000 1000 1000
1000 1000 1000 1000 1000
1000 1000 1000 1000 1000
1000 1000 1000 1000 1000
1000 1000 1000 1000 1000
1000 1000 1000 1000 1000
1000 1000 1000 1000 1000
1000 1000 1000 1000 1000
1000 1000 1000 1000 1000
1000 1000 1000 1000 1000
1000 1000 1000 1000 1000
1000 1000 1000 1000 1000
1000 1000 1000 1000 1000
1000 1000 1000 1000 1000
1000 1000 1000 1000 1000
1000 1000 1000 1000 1000
1000 1000 1000 1000 1000
1000 1000 1000 1000 1000
1000 1000 1000 1000 1000
1000 1000 1000 1000 1000
1000 1000 1000 1000 1000
1000 1000 1000 1000 1000
1000 1000 1000 1000 1000
1000 1000 1000 1000 1000
1000 1000 1000 1000 1000
1000 1000 1000 1000 1000
1000 1000 1000 1000 1000
1000 1000 1000 1000 1000
1000 1000 1000 1000 1000
1000 1000 1000 1000 1000
1000 1000 1000 1000 1000
1000 1000 1000 1000 1000
1000 1000 1000 1000 1000
1000 1000 1000 1000 1000
1000 1000 1000 1000 1000
1000 1000 1000 1000 1000
1000 1000 1000 1000 1000
1000 1000 1000 1000 1000
1000 1000 1000 1000 1000
1000 1000 1000 1000 1000
1000 1000 1000 1000 1000
1000 1000 1000 1000 1000
1000 1000 1000 1000 1000
1000 1000 1000 1000 1000
1000 1000 1000 1000 1000
1000 1000 1000 1000 1000
1000 1000 1000 1000 1000
1000 1000 1000 1000 1000
1000 1000 1000 1000 1000
1000 1000 1000 1000 1000
1000 1000 1000 1000 1000
1000 1000 1000 1000 1000
1000 1000 1000 1000 1000
1000 1000 1000 1000 1000
1000 1000 1000 1000 1000
1000 1000 1000 1000 1000
1000 1000 1000 1000 1000
1000 1000 1000 1000 1000
1000 1000 1000 1000 1000
1000 1000 1000 1000 1000
1000 1000 1000 1000 1000
1000 1000 1000 1000 1000
1000 1000 1000 1000 1000
1000 1000 1000 1000 1000
1000 1000 1000 1000 1000
1000 1000 1000 1000 1000
1000 1000 1000 1000 1000
1000 1000 1000 1000 1000
1000 1000 1000 1000 1000
1000 1000 1000 1000 1000
1000 1000 1000 1000 1000
1000 1000 1000 1000 1000
1000 1000 1000 1000 1000
1000 1000 1000 1000 1000
1000 1000 1000 1000 1000
1000 1000 1000 1000 1000
1000 1000 1000 1000 1000
1000 1000 1000 1000 1000
1000 1000 1000 1000 1000
1000 1000 1000 1000 1000
1000 1000 1000 1000 1000
1000 1000 1000 1000 1000
1000 1000 1000 1000 1000
1000 1000 1000 1000 1000
1000 1000 1000 1000 1000
1000 1000 1000 1000 1000
1000 1000 1000 1000 1000
1000 1000 1000 1000 1000
1000 1000 1000 1000 1000
1000 1000 1000 1000 1000
1000 1000 1000 1000 1000
1000 1000 1000 1000 1000
1000 1000 1000 1000 1000
1000 1000 1000 1000 1000
1000 1000 1000 1000 1000
1000 1000 1000 1000 1000
1000 1000 1000 1000 1000
1000 1000 1000 1000 1000
1000 1000 1000 1000 1000
1000 1000 1000 1000 1000
1000 1000 1000 1000 1000
1000 1000 1000 1000 1000
1000 1000 1000 1000 1000
1000 1000 1000 1000 1000
1000 1000 1000 1000 1000
1000 1000 1000 1000 1000
1000 1000 1000 1000 1000
1000 1000 1000 1000 1000
1000 1000 1000 1000 1000
1000 1000 1000 1000 1000
1000 1000 1000 1000 1000
1000 1000 1000 1000 1000
1000 1000 1000 1000 1000
1000 1000 1000 1000 1000
1000 1000 1000 1000 1000
1000 1000 1000 1000 1000
1000 1000 1000 1000 1000
1000 1000 1000 1000 1000
1000 1000 1000 1000 1000
1000 1000 1000 1000 1000
1000 1000 1000 1000 1000
1000 1000 1000 1000 1000
1000 1000 1000 1000 1000
1000 1000 1000 1000 1000
1000 1000 1000 1000 1000
1000 1000 1000 1000 1000
1000 1000 1000 1000 1000
1000 1000 1000 1000 1000
1000 1000 1000 1000 1000
1000 1000 1000 1000 1000
1000 1000 1000 1000 1000
1000 1000 1000 1000 1000
1000 1000 1000 1000 1000
1000 1000 1000 1000 1000
1000 1000 1000 1000 1000
1000 1000 1000 1000 1000
1000 1000 1000 1000 1000
1000 1000 1000 1000 1000
1000 1000 1000 1000 1000
1000 1000 1000 1000 1000
1000 1000 1000 1000 1000
1000 1000 1000 1000 1000
1000 1000 1000 1000 1000
1000 1000 1000 1000 1000
1000 1000 1000 1000 1000
1000 1000 1000 1000 1000
1000 1000 1000 1000 1000
1000 1000 1000 1000 1000
1000 1000 1000 1000 1000
1000 1000 1000 1000 1000
1000 1000 1000 1000 1000
1000 1000 1000 1000 1000
1000 1000 1000 1000 1000
1000 1000 1000 1000 1000
1000 1000 1000 1000 1000
1000 1000 1000 1000 1000
1000 1000 1000 1000 1000
1000 1000 1000 1000 1000
1000 1000 1000 1000 1000
1000 1000 1000 1000 1000
1000 1000 1000 1000 1000
1000 1000 1000 1000 1000
1000 1000 1000 1000 1000
1000 1000 1000 1000 1000
1000 1000 1000 1000 1000
1000 1000 1000 1000 1000
1000 1000 1000 1000 1000
1000 1000 1000 1000 1000
1000 1000 1000 1000 1000
1000 1000 1000 1000 1000
1000 1000 1000 1000 1000
1000 1000 1000 1000 1000
1000 1000 1000 1000 1000
1000 1000 1000 1000 1000
1000 1000 1000 1000 1000
1000 1000 1000 1000 1000
1000 1000 1000 1000 1000
1000 1000 1000 1000 1000
1000 1000 1000 1000 1000
1000 1000 1000 1000 1000
1000 1000 1000 1000 1000
1000 1000 1000 1000 1000
1000 1000 1000 1000 1000
1000 1000 1000 1000 1000
1000 1000 1000 1000 1000
1000 1000 1000 1000 1000
1000 1000 1000 1000 1000
1000 1000 1000 1000 1000
1000 1000 1000 1000 1000
1000 1000 1000 1000 1000
1000 1000 1000 1000 1000
1000 1000 1000 1000 1000
1000 1000 1000 1000 1000
1000 1000 1000 1000 1000
1000 1000 1000 1000 1000
1000 1000 1000 1000 1000
1000 1000 1000 1000 1000
1000 1000 1000 1000 1000
1000 1000 1000 1000 1000
1000 1000 1000 1000 1000
1000 1000 1000 1000 1000
1000 1000 1000 1000 1000
1000 1000 1000 1000 1000
1000 1000 1000 1000 1000
1000 1000 1000 1000 1000
1000 1000 1000 1000 1000
1000 1000 1000 1000 1000
1000 1000 1000 1000 1000
1000 1000 1000 1000 1000
1000 1000 1000 1000 1000
1000 1000 1000 1000 1000
1000 1000 1000 1000 1000
1000 1000 1000 1000 1000
1000 1000 1000 1000 1000
1000 1000 1000 1000 1000
1000 1000 1000 1000 1000
1000 1000 1000 1000 1000
1000 1000 1000 1000 1000
1000 1000 1000 1000 1000
1000 1000 1000 1000 1000
1000 1000 1000 1000 1000
1000 1000 1000 1000 1000
1000 1000 1000 1000 1000
1000 1000 1000 1000 1000
1000 1000 1000 1000 1000
1000 1000 1000 1000 1000
1000 1000 1000 1000 1000
1000 1000 1000 1000 1000
1000 1000 1000 1000 1000
1000 1000 1000 1000 1000
1000 1000 1000 1000 1000
1000 1000 1000 1000 1000
1000 1000 1000 1000 1000
1000 1000 1000 1000 1000
1000 1000 1000 1000 1000
1000 1000 1000 1000 1000
1000 1000 1000 1000 1000
1000 1000 1000 1000 1000
1000 1000 1000 1000 1000
1000 1000 1000 1000 1000
1000 1000 1000 1000 1000
1000 1000 1000 1000 1000
1000 1000 1000 1000 1000
1000 1000 1000 1000 1000
1000 1000 1000 1000 1000
1000 1000 1000 1000 1000
1000 1000 1000 1000 1000
1000 1000 1000 1000 1000
1000 1000 1000 1000 1000
1000 1000 1000 1000 1000
1000 1000 1000 1000 1000
1000 1000 1000 1000 1000
1000 1000 1000 1000 1000
1000 1000 1000 1000 1000
1000 1000 1000 1000 1000
1000 1000 1000 1000 1000
1000 1000 1000 1000 1000
1000 1000 1000 1000 1000
1000 1000 1000 1000 1000
1000 1000 1000 1000 1000
1000 1000 1000 1000 1000
1000 1000 1000 1000 1000
1000 1000 1000 1000 1000
1000 1000 1000 1000 1000
1000 1000 1000 1000 1000
1000 1000 1000 1000 1000
1000 1000 1000 1000 1000
1000 1000 1000 1000 1000
1000 1000 1000 1000 1000
1000 1000 1000 1000 1000
1000 1000 1000 1000 1000
1000 1000 1000 1000 1000
1000 1000 1000 1000 1000
1000 1000 1000 1000 1000
1000 1000 1000 1000 1000
1000 1000 1000 1000 1000
1000 1000 1000 1000 1000
1000 1000 1000 1000 1000
1000 1000 1000 1000 1000
1000 1000 1000 1000 1000
1000 1000 1000 1000 1000
1000 1000 1000 1000 1000
1000 1000 1000 1000 1000
1000 1000 1000 1000 1000
1000 1000 1000 1000 1000
1000 1000 1000 1000 1000
1000 1000 1000 1000 1000
1000 1000 1000 1000 1000
1000 1000 1000 1000 1000
1000 1000 1000 1000 1000
1000 1000 1000 1000 1000
1000 1000 1000 1000 1000
1000 1000 1000 1000 1000
1000 1000 1000 1000 1000
1000 1000 1000 1000 1000
1000 1000 1000 1000 1000
1000 1000 1000 1000 1000
1000 1000 1000 1000 1000
1000 1000 1000 1000 1000
1000 1000 1000 1000 1000
1000 1000 1000 1000 1000
1000 1000 1000 1000 1000
1000 1000 1000 1000 1000
1000 1000 1000 1000 1000
1000 1000 1000 1000 1000
1000 1000 1000 1000 1000
1000 1000 1000 1000 1000
1000 1000 1000 1000 1000
1000 1000 1000 1000 1000
1000 1000 1000 1000 1000
1000 1000 1000 1000 1000
1000 1000 1000 1000 1000
1000 1000 1000 1000 1000
1000 1000 1000 1000 1000
1000 1000 1000 1000 1000
1000 1000 1000 1000 1000
1000 1000 1000 1000 1000
1000 1000 1000 1000 1000
1000 1000 1000 1000 1000
1000 1000 1000 1000 1000
1000 1000 1000 1000 1000
1000 1000 1000 1000 1000
1000 1000 1000 1000 1000
1000 1000 1000 1000 1000
1000 1000 1000 1000 1000
1000 1000 1000 1000 1000
1000 1000 1000 1000 1000
1000 1000 1000 1000 1000
1000 1000 1000 1000 1000
1000 1000 1000 1000 1000
1000 1000 1000 1000 1000
1000 1000 1000 1000 1000
1000 1000 1000 1000 1000
1000 1000 1000 1000 1000
1000 1000 1000 1000 1000
1000 1000 1000 1000 1000
1000 1000 1000 1000 1000
1000 1000 1000 1000 1000
1000 1000 1000 1000 1000
1000 1000 1000 1000 1000
1000 1000 1000 1000 1000
1000 1000 1000 1000 1000
1000 1000 1000 1000 1000
1000 1000 1000 1000 1000
1000 1000 1000 1000 1000
1000 1000 1000 1000 1000
1000 1000 1000 1000 1000
1000 1000 1000 1000 1000
1000 1000 1000 1000 1000
1000 1000 1000 1000 1000
1000 1000 1000 1000 1000
1000 1000 1000 1000 1000
1000 1000 1000 1000 1000
1000 1000 1000 1000 1000
1000 1000 1000 1000 1000
1000 1000 1000 1000 1000
1000 1000 1000 1000 1000
1000 1000 1000 1000 1000
1000 1000 1000 1000 1000
1000 1000 1000 1000 1000
1000 1000 1000 1000 1000
1000 1000 1000 1000 1000
1000 1000 1000 1000 1000
1000 1000 1000 1000 1000
1000 1000 1000 1000 1000
1000 1000 1000 1000 1000
1000 1000 1000 1000 1000
1000 1000 1000 1000 1000
1000 1000 1000 1000 1000
1000 1000 1000 1000 1000
1000 1000 1000 1000 1000
1000 1000 1000 1000 1000
1000 1000 1000 1000 1000
1000 1000 1000 1000 1000
1000 1000 1000 1000 1000
1000 1000 1000 1000 1000
1000 1000 1000 1000 1000
1000 1000 1000 1000 1000
1000 1000 1000 1000 1000
1000 1000 1000 1000 1000
1000 1000 1000 1000 1000
1000 1000 1000 1000 1000
1000 1000 1000 1000 1000
1000 1000 1000 1000 1000
1000 1000 1000 1000 1000
1000 1000 1000 1000 1000
1000 1000 1000 1000 1000
1000 1000 1000 1000 1000
1000 1000 1000 1000 1000
1000 1000 1000 1000 1000
1000 1000 1000 1000 1000
1000 1000 1000 1000 1000
1000 1000 1000 1000 1000
1000 1000 1000 1000 1000
1000 1000 1000 1000 1000
1000 1000 1000 1000 1000
1000 1000 1000 1000 1000
1000 1000 1000 1000 1000
1000 1000 1000 1000 1000
1000 1000 1000 1000 1000
1000 1000 1000 1000 1000
1000 1000 1000 1000 1000
1000 1000 1000 1000 1000
1000 1000 1000 1000 1000
1000 1000 1000 1000 1000
1000 1000 1000 1000 1000
1000 1000 1000 1000 1000
1000 1000 1000 1000 1000
1000 1000 1000 1000 1000
1000 1000 1000 1000 1000
1000 1000 1000 1000 1000
1000 1000 1000 1000 1000
1000 1000 1000 1000 1000
1000 1000 1000 1000 1000
1000 1000 1000 1000 1000
1000 1000 1000 1000 1000
1000 1000 1000 1000 1000
1000 1000 1000 1000 1000
1000 1000 1000 1000 1000
1000 1000 1000 1000 1000
1000 1000 1000 1000 1000
1000 1000 1000 1000 1000
1000 1000 1000 1000 1000
1000 1000 1000 1000 1000
1000 1000 1000 1000 1000
1000 1000 1000 1000 1000
1000 1000 1000 1000 1000
1000 1000 1000 1000 1000
1000 1000 1000 1000 1000
1000 1000 1000 1000 1000
1000 1000 1000 1000 1000
1000 1000 1000 1000 1000
1000 1000 1000 1000 1000
1000 1000 1000 1000 1000
1000 1000 1000 1000 1000
1000 1000 1000 1000 1000
1000 1000 1000 1000 1000
1000 1000 1000 1000 1000
1000 1000 1000 1000 1000
1000 1000 1000 1000 1000
1000 1000 1000 1000 1000
1000 1000 1000 1000 1000
1000 1000 1000 1000 1000
1000 1000 1000 1000 1000
1000 1000 1000 1000 1000
1000 1000 1000 1000 1000
1000 1000 1000 1000 1000
1000 1000 1000 1000 1000
1000 1000 1000 1000 1000
1000 1000 1000 1000 1000
1000 1000 1000 1000 1000
1000 1000 1000 1000 1000
1000 1000 1000 1000 1000
1000 1000 1000 1000 1000
1000 1000 1000 1000 1000
1000 1000 1000 1000 1000
1000 1000 1000 1000 1000
1000 1000 1000 1000 1000
1000 1000 1000 1000 1000
1000 1000 1000 1000 1000
1000 1000 1000 1000 1000
1000 1000 1000 1000 1000
1000 1000 1000 1000 1000
1000 1000 1000 1000 1000
1000 1000 1000 1000 1000
1000 1000 1000 1000 1000
1000 1000 1000 1000 1000
1000 1000 1000 1000 1000
1000 1000 1000 1000 1000
1000 1000 1000 1000 1000
1000 1000 1000 1000 1000
1000 1000 1000 1000 1000
1000 1000 1000 1000 1000
1000 1000 1000 1000 1000
1000 1000 1000 1000 1000
1000 1000 1000 1000 1000
1000 1000 1000 1000 1000
1000 1000 1000 1000 1000
1000 1000 1000 1000 1000
1000 1000 1000 1000 1000
1000 1000 1000 1000 1000
1000 1000 1000 1000 1000
1000 1000 1000 1000 1000
1000 1000 1000 1000 1000
1000 1000 1000 1000 1000
1000 1000 1000 1000 1000
1000 1000 1000 1000 1000
1000 1000 1000 1000 1000
1000 1000 1000 1000 1000
1000 1000 1000 1000 1000
1000 1000 1000 1000 1000
1000 1000 1000 1000 1000
1000 1000 1000 1000 1000
1000 1000 1000 1000 1000
1000 1000 1000 1000 1000
1000 1000 1000 1000 1000
1000 1000 1000 1000 1000
1000 1000 1000 1000 1000
1000 1000 1000 1000 1000
1000 1000 1000 1000 1000
1000 1000 1000 1000 1000
1000 1000 1000 1000 1000
1000 1000 1000 1000 1000
1000 1000 1000 1000 1000
1000 1000 1000 1000 1000
1000 1000 1000 1000 1000
1000 1000 1000 1000 1000
1000 1000 1000 1000 1000
1000 1000 1000 1000 1000
1000 1000 1000 1000 1000
1000 1000 1000 1000 1000
1000 1000 1000 1000 1000
1000 1000 1000 1000 1000
1000 1000 1000 1000 1000
1000 1000 1000 1000 1000
1000 1000 1000 1000 1000
1000 1000 1000 1000 1000
1000 1000 1000 1000 1000
1000 1000 1000 1000 1000
1000 1000 1000 1000 1000
1000 1000 1000 1000 1000
1000 1000 1000 1000 1000
1000 1000 1000 1000 1000
1000 1000 1000 1000 1000
1000 1000 1000 1000 1000
1000 1000 1000 1000 1000
1000 1000 1000 1000 1000
1000 1000 1000 1000 1000
1000 1000 1000 1000 1000
1000 1000 1000 1000 1000
1000 1000 1000 1000 1000
1000 1000 1000 1000 1000
1000 1000 1000 1000 1000
1000 1000 1000 1000 1000
1000 1000 1000 1000 1000
1000 1000 1000 1000 1000
1000 1000 1000 1000 1000
1000 1000 1000 1000 1000
1000 1000 1000 1000 1000
1000 1000 1000 1000 1000
1000 1000 1000 1000 1000
1000 1000 1000 1000 1000
1000 1000 1000 1000 1000
1000 1000 1000 1000 1000
1000 1000 1000 1000 1000
1000 1000 1000 1000 1000
1000 1000 1000 1000 1000
1000 1000 1000 1000 1000
1000 1000 1000 1000 1000
1000 1000 1000 1000 1000
1000 1000 1000 1000 1000
1000 1000 1000 1000 1000
1000 1000 1000 1000 1000
1000 1000 1000 1000 1000
1000 1000 1000 1000 1000
1000 1000 1000 1000 1000
1000 1000 1000 1000 1000
1000 1000 1000 1000 1000
1000 1000 1000 1000 1000
1000 1000 1000 1000 1000
1000 1000 1000 1000 1000
1000 1000 1000 1000 1000
1000 1000 1000 1000 1000
1000 1000 1000 1000 1000
1000 1000 1000 1000 1000
1000 1000 1000 1000 1000
1000 1000 1000 1000 1000
1000 1000 1000 1000 1000
1000 1000 1000 1000 1000
1000 1000 1000 1000 1000
1000 1000 1000 1000 1000
1000 1000 1000 1000 1000
1000 1000 1000 1000 1000
1000 1000 1000 1000 1000
1000 1000 1000 1000 1000
1000 1000 1000 1000 1000
1000 1000 1000 1000 1000
1000 1000 1000 1000 1000
1000 1000 1000 1000 1000
1000 1000 1000 1000 1000
1000 1000 1000 1000 1000
1000 1000 1000 1000 1000
1000 1000 1000 1000 1000
1000 1000 1000 1000 1000
1000 1000 1000 1000 1000
1000 1000 1000 1000 1000
1000 1000 1000 1000 1000
1000 1000 1000 1000 1000
1000 1000 1000 1000 1000
1000 1000 1000 1000 1000
1000 1000 1000 1000 1000
1000 1000 1000 1000 1000
1000 1000 1000 1000 1000
1000 1000 1000 1000 1000
1000 1000 1000 1000 1000
1000 1000 1000 1000 1000
1000 1000 1000 1000 1000
1000 1000 1000 1000 1000
1000 1000 1000 1000 1000
1000 1000 1000 1000 1000
1000 1000 1000 1000 1000
1000 1000 1000 1000 1000
1000 1000 1000 1000 1000
1000 1000 1000 1000 1000
1000 1000 1000 1000 1000
1000 1000 1000 1000 1000
1000 1000 1000 1000 1000
1000 1000 1000 1000 1000
1000 1000 1000 1000 1000
1000 1000 1000 1000 1000
1000 1000 1000 1000 1000
1000 1000 1000 1000 1000
1000 1000 1000 1000 1000
1000 1000 1000 1000 1000
1000 1000 1000 1000 1000
1000 1000 1000 1000 1000
1000 1000 1000 1000 1000
1000 1000 1000 1000 1000
1000 1000 1000 1000 1000
1000 1000 1000 1000 1000
1000 1000 1000 1000 1000
1000 1000 1000 1000 1000
1000 1000 1000 1000 1000
1000 1000 1000 1000 1000
1000 1000 1000 1000 1000
1000 1000 1000 1000 1000
1000 1000 1000 1000 1000
1000 1000 1000 1000 1000
1000 1000 1000 1000 1000
1000 1000 1000 1000 1000
1000 1000 1000 1000 1000
1000 1000 1000 1000 1000
1000 1000 1000 1000 1000
1000 1000 1000 1000 1000
1000 1000 1000 1000 1000
1000 1000 1000 1000 1000
1000 1000 1000 1000 1000
1000 1000 1000 1000 1000
1000 1000 1000 1000 1000
1000 1000 1000 1000 1000
1000 1000 1000 1000 1000
1000 1000 1000 1000 1000
1000 1000 1000 1000 1000
1000 1000 1000 1000 1000
1000 1000 1000 1000 1000
1000 1000 1000 1000 1000
1000 1000 1000 1000 1000
1000 1000 1000 1000 1000
1000 1000 1000 1000 1000
1000 1000 1000 1000 1000
1000 1000 1000 1000 1000
1000 1000 1000 1000 1000
1000 1000 1000 1000 1000
1000 1000 1000 1000 1000
1000 1000 1000 1000 1000
1000 1000 1000 1000 1000
1000 1000 1000 1000 1000
1000 1000 1000 1000 1000
1000 1000 1000 1000 1000
1000 1000 1000 1000 1000
1000 1000 1000 1000 1000
1000 1000 1000 1000 1000
1000 1000 1000 1000 1000
1000 1000 1000 1000 1000
1000 1000 1000 1000 1000
1000 1000 1000 1000 1000
1000 1000 1000 1000 1000
1000 1000 1000 1000 1000
1000 1000 1000 1000 1000
1000 1000 1000 1000 1000
1000 1000 1000 1000 1000
1000 1000 1000 1000 1000
1000 1000 1000 1000 1000
1000 1000 1000 1000 1000
1000 1000 1000 1000 1000
1000 1000 1000 1000 1000
1000 1000 1000 1000 1000
1000 1000 1000 1000 1000
1000 1000 1000 1000 1000
1000 1000 1000 1000 1000
1000 1000 1000 1000 1000
1000 1000 1000 1000 1000
1000 1000 1000 1000 1000
1000 1000 1000 1000 1000
1000 1000 1000 1000 1000
1000 1000 1000 1000 1000
1000 1000 1000 1000 1000
1000 1000 1000 1000 1000
1000 1000 1000 1000 1000
1000 1000 1000 1000 1000
1000 1000 1000 1000 1000
1000 1000 1000 1000 1000
1000 1000 1000 1000 1000
1000 1000 1000 1000 1000
1000 1000 1000 1000 1000
1000 1000 1000 1000 1000
1000 1000 1000 1000 1000
1000 1000 1000 1000 1000
1000 1000 1000 1000 1000
1000 1000 1000 1000 1000
1000 1000 1000 1000 1000
1000 1000 1000 1000 1000
1000 1000 1000 1000 1000
1000 1000 1000 1000 1000
1000 1000 1000 1000 1000
1000 1000 1000 1000 1000
1000 1000 1000 1000 1000
1000 1000 1000 1000 1000
1000 1000 1000 1000 1000
1000 1000 1000 1000 1000
1000 1000 1000 1000 1000
1000 1000 1000 1000 1000
1000 1000 1000 1000 1000
1000 1000 1000 1000 1000
1000 1000 1000 1000 1000
1000 1000 1000 1000 1000
1000 1000 1000 1000 1000
1000 1000 1000 1000 1000
1000 1000 1000 1000 1000
1000 1000 1000 1000 1000
1000 1000 1000 1000 1000
1000 1000 1000 1000 1000
1000 1000 1000 1000 1000
1000 1000 1000 1000 1000
1000 1000 1000 1000 1000
1000 1000 1000 1000 1000
1000 1000 1000 1000 1000
1000 1000 1000 1000 1000
1000 1000 1000 1000 1000
1000 1000 1000 1000 1000
1000 1000 1000 1000 1000
1000 1000 1000 1000 1000
1000 1000 1000 1000 1000
1000 1000 1000 1000 1000
1000 1000 1000 1000 1000
1000 1000 1000 1000 1000
1000 1000 1000 1000 1000
1000 1000 1000 1000 1000
1000 1000 1000 1000 1000
1000 1000 1000 1000 1000
1000 1000 1000 1000 1000
1000 1000 1000 1000 1000
1000 1000 1000 1000 1000
1000 1000 1000 1000 1000
1000 1000 1000 1000 1000
1000 1000 1000 1000 1000
1000 1000 1000 1000 1000
1000 1000 1000 1000 1000
1000 1000 1000 1000 1000
1000 1000 1000 1000 1000
1000 1000 1000 1000 1000
1000 1000 1000 1000 1000
1000 1000 1000 1000 1000
1000 1000 1000 1000 1000
1000 1000 1000 1000 1000
1000 1000 1000 1000 1000
1000 1000 1000 1000 1000
1000 1000 1000 1000 1000
1000 1000 1000 1000 1000
1000 1000 1000 1000 1000
1000 1000 1000 1000 1000
1000 1000 1000 1000 1000
1000 1000 1000 1000 1000
1000 1000 1000 1000 1000
1000 1000 1000 1000 1000
1000 1000 1000 1000 1000
1000 1000 1000 1000 1000
1000 1000 1000 1000 1000
1000 1000 1000 1000 1000
1000 1000 1000 1000 1000
1000 1000 1000 1000 1000
1000 1000 1000 1000 1000
1000 1000 1000 1000 1000
1000 1000 1000 1000 1000
1000 1000 1000 1000 1000
1000 1000 1000 1000 1000
1000 1000 1000 1000 1000
1000 1000 1000 1000 1000
1000 1000 1000 1000 1000
1000 1000 1000 1000 1000
1000 1000 1000 1000 1000
1000 1000 1000 1000 1000
1000 1000 1000 1000 1000
1000 1000 1000 1000 1000
1000 1000 1000 1000 1000
1000 1000 1000 1000 1000
1000 1000 1000 1000 1000
1000 1000 1000 1000 1000
1000 1000 1000 1000 1000
1000 1000 1000 1000 1000
1000 1000 1000 1000 1000
1000 1000 1000 1000 1000
1000 1000 1000 1000 1000
1000 1000 1000 1000 1000
1000 1000 1000 1000 1000
1000 1000 1000 1000 1000
1000 1000 1000 1000 1000
1000 1000 1000 1000 1000
1000 1000 1000 1000 1000
1000 1000 1000 1000 1000
1000 1000 1000 1000 1000
1000 1000 1000 1000 1000
1000 1000 1000 1000 1000
1000 1000 1000 1000 1000
1000 1000 1000 1000 1000
1000 1000 1000 1000 1000
1000 1000 1000 1000 1000
1000 1000 1000 1000 1000
1000 1000 1000 1000 1000
1000 1000 1000 1000 1000
1000 1000 1000 1000 1000
1000 1000 1000 1000 1000
1000 1000 1000 1000 1000
1000 1000 1000 1000 1000
1000 1000 1000 1000 1000
1000 1000 1000 1000 1000
1000 1000 1000 1000 1000
1000 1000 1000 1000 1000
1000 1000 1000 1000 1000
1000 1000 1000 1000 1000
1000 1000 1000 1000 1000
1000 1000 1000 1000 1000
1000 1000 1000 1000 1000
1000 1000 1000 1000 1000
1000 1000 1000 1000 1000
1000 1000 1000 1000 1000
1000 1000 1000 1000 1000
1000 1000 1000 1000 1000
1000 1000 1000 1000 1000
1000 1000 1000 1000 1000
1000 1000 1000 1000 1000
1000 1000 1000 1000 1000
1000 1000 1000 1000 1000
1000 1000 1000 1000 1000
1000 1000 1000 1000 1000
1000 1000 1000 1000 1000
1000 1000 1000 1000 1000
1000 1000 1000 1000 1000
1000 1000 1000 1000 1000
1000 1000 1000 1000 1000
1000 1000 1000 1000 1000
1000 1000 1000 1000 1000
1000 1000 1000 1000 1000
1000 1000 1000 1000 1000
1000 1000 1000 1000 1000
1000 1000 1000 1000 1000
1000 1000 1000 1000 1000
1000 1000 1000 1000 1000
1000 1000 1000 1000 1000
1000 1000 1000 1000 1000
1000 1000 1000 1000 1000
1000 1000 1000 1000 1000
1000 1000 1000 1000 1000
1000 1000 1000 1000 1000
1000 1000 1000 1000 1000
1000 1000 1000 1000 1000
1000 1000 1000 1000 1000
1000 1000 1000 1000 1000
1000 1000 1000 1000 1000
1000 1000 1000 1000 1000
1000 1000 1000 1000 1000
1000 1000 1000 1000 1000
1000 1000 1000 1000 1000
1000 1000 1000 1000 1000
1000 1000 1000 1000 1000
1000 1000 1000 1000 1000
1000 1000 1000 1000 1000
1000 1000 1000 1000 1000
1000 1000 1000 1000 1000
1000 1000 1000 1000 1000
1000 1000 1000 1000 1000
1000 1000 1000 1000 1000
1000 1000 1000 1000 1000
1000 1000 1000 1000 1000
1000 1000 1000 1000 1000
1000 1000 1000 1000 1000
1000 1000 1000 1000 1000
1000 1000 1000 1000 1000
1000 1000 1000 1000 1000
1000 1000 1000 1000 1000
1000 1000 1000 1000 1000
1000 1000 1000 1000 1000
1000 1000 1000 1000 1000
1000 1000 1000 1000 1000
1000 1000 1000 1000 1000
1000 1000 1000 1000 1000
1000 1000 1000 1000 1000
1000 1000 1000 1000 1000
1000 1000 1000 1000 1000
1000 1000 1000 1000 1000
1000 1000 1000 1000 1000
1000 1000 1000 1000 1000
1000 1000 1000 1000 1000
1000 1000 1000 1000 1000
1000 1000 1000 1000 1000
1000 1000 1000 1000 1000
1000 1000 1000 1000 1000
1000 1000 1000 1000 1000
1000 1000 1000 1000 1000
1000 1000 1000 1000 1000
1000 1000 1000 1000 1000
1000 1000 1000 1000 1000
1000 1000 1000 1000 1000
1000 1000 1000 1000 1000
1000 1000 1000 1000 1000
1000 1000 1000 1000 1000
1000 1000 1000 1000 1000
1000 1000 1000 1000 1000
1000 1000 1000 1000 1000
1000 1000 1000 1000 1000
1000 1000 1000 1000 1000
1000 1000 1000 1000 1000
1000 1000 1000 1000 1000
1000 1000 1000 1000 1000
1000 1000 1000 1000 1000
1000 1000 1000 1000 1000
1000 1000 1000 1000 1000
1000 1000 1000 1000 1000
1000 1000 1000 1000 1000
1000 1000 1000 1000 1000
1000 1000 1000 1000 1000
1000 1000 1000 1000 1000
1000 1000 1000 1000 1000
1000 1000 1000 1000 1000
1000 1000 1000 1000 1000
1000 1000 1000 1000 1000
1000 1000 1000 1000 1000
1000 1000 1000 1000 1000
1000 1000 1000 1000 1000
1000 1000 1000 1000 1000
1000 1000 1000 1000 1000
1000 1000 1000 1000 1000
1000 1000 1000 1000 1000
1000 1000 1000 1000 1000
1000 1000 1000 1000 1000
1000 1000 1000 1000 1000
1000 1000 1000 1000 1000
1000 1000 1000 1000 1000
1000 1000 1000 1000 1000
1000 1000 1000 1000 1000
1000 1000 1000 1000 1000
1000 1000 1000 1000 1000
1000 1000 1000 1000 1000
1000 1000 1000 1000 1000
1000 1000 1000 1000 1000
1000 1000 1000 1000 1000
1000 1000 1000 1000 1000
1000 1000 1000 1000 1000
1000 1000 1000 1000 1000
1000 1000 1000 1000 1000
1000 1000 1000 1000 1000
1000 1000 1000 1000 1000
1000 1000 1000 1000 1000
1000 1000 1000 1000 1000
1000 1000 1000 1000 1000
1000 1000 1000 1000 1000
1000 1000 1000 1000 1000
1000 1000 1000 1000 1000
1000 1000 1000 1000 1000
1000 1000 1000 1000 1000
1000 1000 1000 1000 1000
1000 1000 1000 1000 1000
1000 1000 1000 1000 1000
1000 1000 1000 1000 1000
1000 1000 1000 1000 1000
1000 1000 1000 1000 1000
1000 1000 1000 1000 1000
1000 1000 1000 1000 1000
1000 1000 1000 1000 1000
1000 1000 1000 1000 1000
1000 1000 1000 1000 1000
1000 1000 1000 1000 1000
1000 1000 1000 1000 1000
1000 1000 1000 1000 1000
1000 1000 1000 1000 1000
1000 1000 1000 1000 1000
1000 1000 1000 1000 1000
1000 1000 1000 1000 1000
1000 1000 1000 1000 1000
1000 1000 1000 1000 1000
1000 1000 1000 1000 1000
1000 1000 1000 1000 1000
1000 1000 1000 1000 1000
1000 1000 1000 1000 1000
1000 1000 1000 1000 1000
1000 1000 1000 1000 1000
1000 1000 1000 1000 1000
1000 1000 1000 1000 1000
1000 1000 1000 1000 1000
1000 1000 1000 1000 1000
1000 1000 1000 1000 1000
1000 1000 1000 1000 1000
1000 1000 1000 1000 1000
1000 1000 1000 1000 1000
1000 1000 1000 1000 1000
1000 1000 1000 1000 1000
1000 1000 1000 1000 1000
1000 1000 1000 1000 1000
1000 1000 1000 1000 1000
1000 1000 1000 1000 1000
1000 1000 1000 1000 1000
1000 1000 1000 1000 1000
1000 1000 1000 1000 1000
1000 1000 1000 1000 1000
1000 1000 1000 1000 1000
1000 1000 1000 1000 1000
1000 1000 1000 1000 1000
1000 1000 1000 1000 1000
1000 1000 1000 1000 1000
1000 1000 1000 1000 1000
1000 1000 1000 1000 1000
1000 1000 1000 1000 1000
1000 1000 1000 1000 1000
1000 1000 1000 1000 1000
1000 1000 1000 1000 1000
1000 1000 1000 1000 1000
1000 1000 1000 1000 1000
1000 1000 1000 1000 1000
1000 1000 1000 1000 1000
1000 1000 1000 1000 1000
1000 1000 1000 1000 1000
1000 1000 1000 1000 1000
1000 1000 1000 1000 1000
1000 1000 1000 1000 1000
1000 1000 1000 1000 1000
1000 1000 1000 1000 1000
1000 1000 1000 1000 1000
1000 1000 1000 1000 1000
1000 1000 1000 1000 1000
1000 1000 1000 1000 1000
1000 1000 1000 1000 1000
1000 1000 1000 1000 1000
1000 1000 1000 1000 1000
1000 1000 1000 1000 1000
1000 1000 1000 1000 1000
1000 1000 1000 1000 1000
1000 1000 1000 1000 1000
1000 1000 1000 1000 1000
1000 1000 1000 1000 1000
1000 1000 1000 1000 1000
1000 1000 1000 1000 1000
1000 1000 1000 1000 1000
1000 1000 1000 1000 1000
1000 1000 1000 1000 1000
1000 1000 1000 1000 1000
1000 1000 1000 1000 1000
1000 1000 1000 1000 1000
1000 1000 1000 1000 1000
1000 1000 1000 1000 1000
1000 1000 1000 1000 1000
1000 1000 1000 1000 1000
1000 1000 1000 1000 1000
1000 1000 1000 1000 1000
1000 1000 1000 1000 1000
1000 1000 1000 1000 1000
