1000 299 140 1419 1000
1000 298 139 1418 1000
1000 297 138 1417 1000
1000 296 137 1416 1000
1000 295 136 1415 1000
1000 294 135 1414 1000
1000 293 134 1413 1000
1000 292 133 1412 1000
1000 291 132 1411 1000
1000 290 131 1410 1000
1000 289 130 1409 1000
1000 288 129 1408 1000
1000 287 128 1407 1000
1000 286 127 1406 1000
1000 285 126 1405 1000
1000 284 125 1404 1000
1000 283 124 1403 1000
1000 282 123 1402 1000
1000 281 122 1401 1000
1000 280 121 1400 1000
1000 279 120 1399 1000
1000 278 119 1398 1000
1000 277 118 1397 1000
1000 276 117 1396 1000
1000 275 116 1395 1000
1000 274 115 1394 1000
1000 273 114 1393 1000
1000 272 113 1392 1000
1000 271 112 1391 1000
1000 270 111 1390 1000
1000 269 110 1389 1000
1000 268 109 1388 1000
1000 267 108 1387 1000
1000 266 107 1386 1000
1000 265 106 1385 1000
1000 264 105 1384 1000
1000 263 104 1383 1000
1000 262 103 1382 1000
1000 261 102 1381 1000
1000 260 101 1380 1000
1000 259 100 1379 1000
1000 258 99 1378 1000
1000 257 98 1377 1000
1000 256 97 1376 1000
1000 255 96 1375 1000
1000 254 95 1374 1000
1000 253 94 1373 1000
1000 252 93 1372 1000
1000 251 92 1371 1000
1000 250 91 1370 1000
1000 249 90 1369 1000
1000 248 89 1368 1000
1000 247 88 1367 1000
1000 246 87 1366 1000
1000 245 86 1365 1000
1000 244 85 1364 1000
1000 243 84 1363 1000
1000 242 83 1362 1000
1000 241 82 1361 1000
1000 240 81 1360 1000
1000 239 80 1359 1000
1000 238 79 1358 1000
1000 237 78 1357 1000
1000 236 77 1356 1000
1000 235 76 1355 1000
1000 234 75 1354 1000
1000 233 74 1353 1000
1000 232 73 1352 1000
1000 231 72 1351 1000
1000 230 71 1350 1000
1000 229 70 1349 1000
1000 228 69 1348 1000
1000 227 68 1347 1000
1000 226 67 1346 1000
1000 225 66 1345 1000
1000 224 65 1344 1000
1000 223 64 1343 1000
1000 222 63 1342 1000
1000 221 62 1341 1000
1000 220 61 1340 1000
1000 219 60 1339 1000
1000 218 59 1338 1000
1000 217 58 1337 1000
1000 216 57 1336 1000
1000 215 56 1335 1000
1000 214 55 1334 1000
1000 213 54 1333 1000
1000 212 53 1332 1000
1000 211 52 1331 1000
1000 210 51 1330 1000
1000 209 50 1329 1000
1000 208 49 1328 1000
1000 207 48 1327 1000
1000 206 47 1326 1000
1000 205 46 1325 1000
1000 204 45 1324 1000
1000 203 44 1323 1000
1000 202 43 1322 1000
1000 201 42 1321 1000
1000 200 41 1320 1000
1000 199 40 1319 1000
1000 198 39 1318 1000
1000 197 38 1317 1000
1000 196 37 1316 1000
1000 195 36 1315 1000
1000 194 35 1314 1000
1000 193 34 1313 1000
1000 192 33 1312 1000
1000 191 32 1311 1000
1000 190 31 1310 1000
1000 189 30 1309 1000
1000 188 29 1308 1000
1000 187 28 1307 1000
1000 186 27 1306 1000
1000 185 26 1305 1000
1000 184 25 1304 1000
1000 183 24 1303 1000
1000 182 23 1302 1000
1000 181 22 1301 1000
1000 180 21 1300 1000
1000 179 20 1299 1000
1000 178 19 1298 1000
1000 177 18 1297 1000
1000 176 17 1296 1000
1000 175 16 1295 1000
1000 174 15 1294 1000
1000 173 14 1293 1000
1000 172 13 1292 1000
1000 171 12 1291 1000
1000 170 11 1290 1000
1000 169 10 1289 1000
1000 168 9 1288 1000
1000 167 8 1287 1000
1000 166 7 1286 1000
1000 165 6 1285 1000
1000 164 5 1284 1000
1000 163 4 1283 1000
1000 162 3 1282 1000
1000 161 2 1281 1000
1000 160 1 1280 1000
1000 159 0 1279 1000
1000 158 550 1278 1000
1000 157 549 1277 1000
1000 156 548 1276 1000
1000 155 547 1275 1000
1000 154 546 1274 1000
1000 153 545 1273 1000
1000 152 544 1272 1000
1000 151 543 1271 1000
1000 150 542 1270 1000
1000 149 541 1269 1000
1000 148 540 1268 1000
1000 147 539 1267 1000
1000 146 538 1266 1000
1000 145 537 1265 1000
1000 144 536 1264 1000
1000 143 535 1263 1000
1000 142 534 1262 1000
1000 141 533 1261 1000
1000 140 532 1260 1000
1000 139 531 1259 1000
1000 138 530 1258 1000
1000 137 529 1257 1000
1000 136 528 1256 1000
1000 135 527 1255 1000
1000 134 526 1254 1000
1000 133 525 1253 1000
1000 132 524 1252 1000
1000 131 523 1251 1000
1000 130 522 1250 1000
1000 129 521 1249 1000
1000 128 520 1248 1000
1000 127 519 1247 1000
1000 126 518 1246 1000
1000 125 517 1245 1000
1000 124 516 1244 1000
1000 123 515 1243 1000
1000 122 514 1242 1000
1000 121 513 1241 1000
1000 120 512 1240 1000
1000 119 511 1239 1000
1000 118 510 1238 1000
1000 117 509 1237 1000
1000 116 508 1236 1000
1000 115 507 1235 1000
1000 114 506 1234 1000
1000 113 505 1233 1000
1000 112 504 1232 1000
1000 111 503 1231 1000
1000 110 502 1230 1000
1000 109 501 1229 1000
1000 108 500 1228 1000
1000 107 499 1227 1000
1000 106 498 1226 1000
1000 105 497 1225 1000
1000 104 496 1224 1000
1000 103 495 1223 1000
1000 102 494 1222 1000
1000 101 493 1221 1000
1000 100 492 1220 1000
1000 99 491 1219 1000
1000 98 490 1218 1000
1000 97 489 1217 1000
1000 96 488 1216 1000
1000 95 487 1215 1000
1000 94 486 1214 1000
1000 93 485 1213 1000
1000 92 484 1212 1000
1000 91 483 1211 1000
1000 90 482 1210 1000
1000 89 481 1209 1000
1000 88 480 1208 1000
1000 87 479 1207 1000
1000 86 478 1206 1000
1000 85 477 1205 1000
1000 84 476 1204 1000
1000 83 475 1203 1000
1000 82 474 1202 1000
1000 81 473 1201 1000
1000 80 472 1200 1000
1000 79 471 1199 1000
1000 78 470 1198 1000
1000 77 469 1197 1000
1000 76 468 1196 1000
1000 75 467 1195 1000
1000 74 466 1194 1000
1000 73 465 1193 1000
1000 72 464 1192 1000
1000 71 463 1191 1000
1000 70 462 1190 1000
1000 69 461 1189 1000
1000 68 460 1188 1000
1000 67 459 1187 1000
1000 66 458 1186 1000
1000 65 457 1185 1000
1000 64 456 1184 1000
1000 63 455 1183 1000
1000 62 454 1182 1000
1000 61 453 1181 1000
1000 60 452 1180 1000
1000 59 451 1179 1000
1000 58 450 1178 1000
1000 57 449 1177 1000
1000 56 448 1176 1000
1000 55 447 1175 1000
1000 54 446 1174 1000
1000 53 445 1173 1000
1000 52 444 1172 1000
1000 51 443 1171 1000
1000 50 442 1170 1000
1000 49 441 1169 1000
1000 48 440 1168 1000
1000 47 439 1167 1000
1000 46 438 1166 1000
1000 45 437 1165 1000
1000 44 436 1164 1000
1000 43 435 1163 1000
1000 42 434 1162 1000
1000 41 433 1161 1000
1000 40 432 1160 1000
1000 39 431 1159 1000
1000 38 430 1158 1000
1000 37 429 1157 1000
1000 36 428 1156 1000
1000 35 427 1155 1000
1000 34 426 1154 1000
1000 33 425 1153 1000
1000 32 424 1152 1000
1000 31 423 1151 1000
1000 30 422 1150 1000
1000 29 421 1149 1000
1000 28 420 1148 1000
1000 27 419 1147 1000
1000 26 418 1146 1000
1000 25 417 1145 1000
1000 24 416 1144 1000
1000 23 415 1143 1000
1000 22 414 1142 1000
1000 21 413 1141 1000
1000 20 412 1140 1000
1000 19 411 1139 1000
1000 18 410 1138 1000
1000 17 409 1137 1000
1000 16 408 1136 1000
1000 15 407 1135 1000
1000 14 406 1134 1000
1000 13 405 1133 1000
1000 12 404 1132 1000
1000 11 403 1131 1000
1000 10 402 1130 1000
1000 9 401 1129 1000
1000 8 400 1128 1000
1000 7 399 1127 1000
1000 6 398 1126 1000
1000 5 397 1125 1000
1000 4 396 1124 1000
1000 3 395 1123 1000
1000 2 394 1122 1000
1000 1 393 1121 1000
1000 0 392 1120 1000
1000 2589 391 1119 1000
1000 2588 390 1118 1000
1000 2587 389 1117 1000
1000 2586 388 1116 1000
1000 2585 387 1115 1000
1000 2584 386 1114 1000
1000 2583 385 1113 1000
1000 2582 384 1112 1000
1000 2581 383 1111 1000
1000 2580 382 1110 1000
1000 2579 381 1109 1000
1000 2578 380 1108 1000
1000 2577 379 1107 1000
1000 2576 378 1106 1000
1000 2575 377 1105 1000
1000 2574 376 1104 1000
1000 2573 375 1103 1000
1000 2572 374 1102 1000
1000 2571 373 1101 1000
1000 2570 372 1100 1000
1000 2569 371 1099 1000
1000 2568 370 1098 1000
1000 2567 369 1097 1000
1000 2566 368 1096 1000
1000 2565 367 1095 1000
1000 2564 366 1094 1000
1000 2563 365 1093 1000
1000 2562 364 1092 1000
1000 2561 363 1091 1000
1000 2560 362 1090 1000
1000 2559 361 1089 1000
1000 2558 360 1088 1000
1000 2557 359 1087 1000
1000 2556 358 1086 1000
1000 2555 357 1085 1000
1000 2554 356 1084 1000
1000 2553 355 1083 1000
1000 2552 354 1082 1000
1000 2551 353 1081 1000
1000 2550 352 1080 1000
1000 2549 351 1079 1000
1000 2548 350 1078 1000
1000 2547 349 1077 1000
1000 2546 348 1076 1000
1000 2545 347 1075 1000
1000 2544 346 1074 1000
1000 2543 345 1073 1000
1000 2542 344 1072 1000
1000 2541 343 1071 1000
1000 2540 342 1070 1000
1000 2539 341 1069 1000
1000 2538 340 1068 1000
1000 2537 339 1067 1000
1000 2536 338 1066 1000
1000 2535 337 1065 1000
1000 2534 336 1064 1000
1000 2533 335 1063 1000
1000 2532 334 1062 1000
1000 2531 333 1061 1000
1000 2530 332 1060 1000
1000 2529 331 1059 1000
1000 2528 330 1058 1000
1000 2527 329 1057 1000
1000 2526 328 1056 1000
1000 2525 327 1055 1000
1000 2524 326 1054 1000
1000 2523 325 1053 1000
1000 2522 324 1052 1000
1000 2521 323 1051 1000
1000 2520 322 1050 1000
1000 2519 321 1049 1000
1000 2518 320 1048 1000
1000 2517 319 1047 1000
1000 2516 318 1046 1000
1000 2515 317 1045 1000
1000 2514 316 1044 1000
1000 2513 315 1043 1000
1000 2512 314 1042 1000
1000 2511 313 1041 1000
1000 2510 312 1040 1000
1000 2509 311 1039 1000
1000 2508 310 1038 1000
1000 2507 309 1037 1000
1000 2506 308 1036 1000
1000 2505 307 1035 1000
1000 2504 306 1034 1000
1000 2503 305 1033 1000
1000 2502 304 1032 1000
1000 2501 303 1031 1000
1000 2500 302 1030 1000
1000 2499 301 1029 1000
1000 2498 300 1028 1000
1000 2497 299 1027 1000
1000 2496 298 1026 1000
1000 2495 297 1025 1000
1000 2494 296 1024 1000
1000 2493 295 1023 1000
1000 2492 294 1022 1000
1000 2491 293 1021 1000
1000 2490 292 1020 1000
1000 2489 291 1019 1000
1000 2488 290 1018 1000
1000 2487 289 1017 1000
1000 2486 288 1016 1000
1000 2485 287 1015 1000
1000 2484 286 1014 1000
1000 2483 285 1013 1000
1000 2482 284 1012 1000
1000 2481 283 1011 1000
1000 2480 282 1010 1000
1000 2479 281 1009 1000
1000 2478 280 1008 1000
1000 2477 279 1007 1000
1000 2476 278 1006 1000
1000 2475 277 1005 1000
1000 2474 276 1004 1000
1000 2473 275 1003 1000
1000 2472 274 1002 1000
1000 2471 273 1001 1000
1000 2470 272 1000 1000
1000 2469 271 999 1000
1000 2468 270 998 1000
1000 2467 269 997 1000
1000 2466 268 996 1000
1000 2465 267 995 1000
1000 2464 266 994 1000
1000 2463 265 993 1000
1000 2462 264 992 1000
1000 2461 263 991 1000
1000 2460 262 990 1000
1000 2459 261 989 1000
1000 2458 260 988 1000
1000 2457 259 987 1000
1000 2456 258 986 1000
1000 2455 257 985 1000
1000 2454 256 984 1000
1000 2453 255 983 1000
1000 2452 254 982 1000
1000 2451 253 981 1000
1000 2450 252 980 1000
1000 2449 251 979 1000
1000 2448 250 978 1000
1000 2447 249 977 1000
1000 2446 248 976 1000
1000 2445 247 975 1000
1000 2444 246 974 1000
1000 2443 245 973 1000
1000 2442 244 972 1000
1000 2441 243 971 1000
1000 2440 242 970 1000
1000 2439 241 969 1000
1000 2438 240 968 1000
1000 2437 239 967 1000
1000 2436 238 966 1000
1000 2435 237 965 1000
1000 2434 236 964 1000
1000 2433 235 963 1000
1000 2432 234 962 1000
1000 2431 233 961 1000
1000 2430 232 960 1000
1000 2429 231 959 1000
1000 2428 230 958 1000
1000 2427 229 957 1000
1000 2426 228 956 1000
1000 2425 227 955 1000
1000 2424 226 954 1000
1000 2423 225 953 1000
1000 2422 224 952 1000
1000 2421 223 951 1000
1000 2420 222 950 1000
1000 2419 221 949 1000
1000 2418 220 948 1000
1000 2417 219 947 1000
1000 2416 218 946 1000
1000 2415 217 945 1000
1000 2414 216 944 1000
1000 2413 215 943 1000
1000 2412 214 942 1000
1000 2411 213 941 1000
1000 2410 212 940 1000
1000 2409 211 939 1000
1000 2408 210 938 1000
1000 2407 209 937 1000
1000 2406 208 936 1000
1000 2405 207 935 1000
1000 2404 206 934 1000
1000 2403 205 933 1000
1000 2402 204 932 1000
1000 2401 203 931 1000
1000 2400 202 930 1000
1000 2399 201 929 1000
1000 2398 200 928 1000
1000 2397 199 927 1000
1000 2396 198 926 1000
1000 2395 197 925 1000
1000 2394 196 924 1000
1000 2393 195 923 1000
1000 2392 194 922 1000
1000 2391 193 921 1000
1000 2390 192 920 1000
1000 2389 191 919 1000
1000 2388 190 918 1000
1000 2387 189 917 1000
1000 2386 188 916 1000
1000 2385 187 915 1000
1000 2384 186 914 1000
1000 2383 185 913 1000
1000 2382 184 912 1000
1000 2381 183 911 1000
1000 2380 182 910 1000
1000 2379 181 909 1000
1000 2378 180 908 1000
1000 2377 179 907 1000
1000 2376 178 906 1000
1000 2375 177 905 1000
1000 2374 176 904 1000
1000 2373 175 903 1000
1000 2372 174 902 1000
1000 2371 173 901 1000
1000 2370 172 900 1000
1000 2369 171 899 1000
1000 2368 170 898 1000
1000 2367 169 897 1000
1000 2366 168 896 1000
1000 2365 167 895 1000
1000 2364 166 894 1000
1000 2363 165 893 1000
1000 2362 164 892 1000
1000 2361 163 891 1000
1000 2360 162 890 1000
1000 2359 161 889 1000
1000 2358 160 888 1000
1000 2357 159 887 1000
1000 2356 158 886 1000
1000 2355 157 885 1000
1000 2354 156 884 1000
1000 2353 155 883 1000
1000 2352 154 882 1000
1000 2351 153 881 1000
1000 2350 152 880 1000
1000 2349 151 879 1000
1000 2348 150 878 1000
1000 2347 149 877 1000
1000 2346 148 876 1000
1000 2345 147 875 1000
1000 2344 146 874 1000
1000 2343 145 873 1000
1000 2342 144 872 1000
1000 2341 143 871 1000
1000 2340 142 870 1000
1000 2339 141 869 1000
1000 2338 140 868 1000
1000 2337 139 867 1000
1000 2336 138 866 1000
1000 2335 137 865 1000
1000 2334 136 864 1000
1000 2333 135 863 1000
1000 2332 134 862 1000
1000 2331 133 861 1000
1000 2330 132 860 1000
1000 2329 131 859 1000
1000 2328 130 858 1000
1000 2327 129 857 1000
1000 2326 128 856 1000
1000 2325 127 855 1000
1000 2324 126 854 1000
1000 2323 125 853 1000
1000 2322 124 852 1000
1000 2321 123 851 1000
1000 2320 122 850 1000
1000 2319 121 849 1000
1000 2318 120 848 1000
1000 2317 119 847 1000
1000 2316 118 846 1000
1000 2315 117 845 1000
1000 2314 116 844 1000
1000 2313 115 843 1000
1000 2312 114 842 1000
1000 2311 113 841 1000
1000 2310 112 840 1000
1000 2309 111 839 1000
1000 2308 110 838 1000
1000 2307 109 837 1000
1000 2306 108 836 1000
1000 2305 107 835 1000
1000 2304 106 834 1000
1000 2303 105 833 1000
1000 2302 104 832 1000
1000 2301 103 831 1000
1000 2300 102 830 1000
1000 2299 101 829 1000
1000 2298 100 828 1000
1000 2297 99 827 1000
1000 2296 98 826 1000
1000 2295 97 825 1000
1000 2294 96 824 1000
1000 2293 95 823 1000
1000 2292 94 822 1000
1000 2291 93 821 1000
1000 2290 92 820 1000
1000 2289 91 819 1000
1000 2288 90 818 1000
1000 2287 89 817 1000
1000 2286 88 816 1000
1000 2285 87 815 1000
1000 2284 86 814 1000
1000 2283 85 813 1000
1000 2282 84 812 1000
1000 2281 83 811 1000
1000 2280 82 810 1000
1000 2279 81 809 1000
1000 2278 80 808 1000
1000 2277 79 807 1000
1000 2276 78 806 1000
1000 2275 77 805 1000
1000 2274 76 804 1000
1000 2273 75 803 1000
1000 2272 74 802 1000
1000 2271 73 801 1000
1000 2270 72 800 1000
1000 2269 71 799 1000
1000 2268 70 798 1000
1000 2267 69 797 1000
1000 2266 68 796 1000
1000 2265 67 795 1000
1000 2264 66 794 1000
1000 2263 65 793 1000
1000 2262 64 792 1000
1000 2261 63 791 1000
1000 2260 62 790 1000
1000 2259 61 789 1000
1000 2258 60 788 1000
1000 2257 59 787 1000
1000 2256 58 786 1000
1000 2255 57 785 1000
1000 2254 56 784 1000
1000 2253 55 783 1000
1000 2252 54 782 1000
1000 2251 53 781 1000
1000 2250 52 780 1000
1000 2249 51 779 1000
1000 2248 50 778 1000
1000 2247 49 777 1000
1000 2246 48 776 1000
1000 2245 47 775 1000
1000 2244 46 774 1000
1000 2243 45 773 1000
1000 2242 44 772 1000
1000 2241 43 771 1000
1000 2240 42 770 1000
1000 2239 41 769 1000
1000 2238 40 768 1000
1000 2237 39 767 1000
1000 2236 38 766 1000
1000 2235 37 765 1000
1000 2234 36 764 1000
1000 2233 35 763 1000
1000 2232 34 762 1000
1000 2231 33 761 1000
1000 2230 32 760 1000
1000 2229 31 759 1000
1000 2228 30 758 1000
1000 2227 29 757 1000
1000 2226 28 756 1000
1000 2225 27 755 1000
1000 2224 26 754 1000
1000 2223 25 753 1000
1000 2222 24 752 1000
1000 2221 23 751 1000
1000 2220 22 750 1000
1000 2219 21 749 1000
1000 2218 20 748 1000
1000 2217 19 747 1000
1000 2216 18 746 1000
1000 2215 17 745 1000
1000 2214 16 744 1000
1000 2213 15 743 1000
1000 2212 14 742 1000
1000 2211 13 741 1000
1000 2210 12 740 1000
1000 2209 11 739 1000
1000 2208 10 738 1000
1000 2207 9 737 1000
1000 2206 8 736 1000
1000 2205 7 735 1000
1000 2204 6 734 1000
1000 2203 5 733 1000
1000 2202 4 732 1000
1000 2201 3 731 1000
1000 2200 2 730 1000
1000 2199 1 729 1000
1000 2198 0 728 1000
1000 2197 407 727 1000
1000 2196 406 726 1000
1000 2195 405 725 1000
1000 2194 404 724 1000
1000 2193 403 723 1000
1000 2192 402 722 1000
1000 2191 401 721 1000
1000 2190 400 720 1000
1000 2189 399 719 1000
1000 2188 398 718 1000
1000 2187 397 717 1000
1000 2186 396 716 1000
1000 2185 395 715 1000
1000 2184 394 714 1000
1000 2183 393 713 1000
1000 2182 392 712 1000
1000 2181 391 711 1000
1000 2180 390 710 1000
1000 2179 389 709 1000
1000 2178 388 708 1000
1000 2177 387 707 1000
1000 2176 386 706 1000
1000 2175 385 705 1000
1000 2174 384 704 1000
1000 2173 383 703 1000
1000 2172 382 702 1000
1000 2171 381 701 1000
1000 2170 380 700 1000
1000 2169 379 699 1000
1000 2168 378 698 1000
1000 2167 377 697 1000
1000 2166 376 696 1000
1000 2165 375 695 1000
1000 2164 374 694 1000
1000 2163 373 693 1000
1000 2162 372 692 1000
1000 2161 371 691 1000
1000 2160 370 690 1000
1000 2159 369 689 1000
1000 2158 368 688 1000
1000 2157 367 687 1000
1000 2156 366 686 1000
1000 2155 365 685 1000
1000 2154 364 684 1000
1000 2153 363 683 1000
1000 2152 362 682 1000
1000 2151 361 681 1000
1000 2150 360 680 1000
1000 2149 359 679 1000
1000 2148 358 678 1000
1000 2147 357 677 1000
1000 2146 356 676 1000
1000 2145 355 675 1000
1000 2144 354 674 1000
1000 2143 353 673 1000
1000 2142 352 672 1000
1000 2141 351 671 1000
1000 2140 350 670 1000
1000 2139 349 669 1000
1000 2138 348 668 1000
1000 2137 347 667 1000
1000 2136 346 666 1000
1000 2135 345 665 1000
1000 2134 344 664 1000
1000 2133 343 663 1000
1000 2132 342 662 1000
1000 2131 341 661 1000
1000 2130 340 660 1000
1000 2129 339 659 1000
1000 2128 338 658 1000
1000 2127 337 657 1000
1000 2126 336 656 1000
1000 2125 335 655 1000
1000 2124 334 654 1000
1000 2123 333 653 1000
1000 2122 332 652 1000
1000 2121 331 651 1000
1000 2120 330 650 1000
1000 2119 329 649 1000
1000 2118 328 648 1000
1000 2117 327 647 1000
1000 2116 326 646 1000
1000 2115 325 645 1000
1000 2114 324 644 1000
1000 2113 323 643 1000
1000 2112 322 642 1000
1000 2111 321 641 1000
1000 2110 320 640 1000
1000 2109 319 639 1000
1000 2108 318 638 1000
1000 2107 317 637 1000
1000 2106 316 636 1000
1000 2105 315 635 1000
1000 2104 314 634 1000
1000 2103 313 633 1000
1000 2102 312 632 1000
1000 2101 311 631 1000
1000 2100 310 630 1000
1000 2099 309 629 1000
1000 2098 308 628 1000
1000 2097 307 627 1000
1000 2096 306 626 1000
1000 2095 305 625 1000
1000 2094 304 624 1000
1000 2093 303 623 1000
1000 2092 302 622 1000
1000 2091 301 621 1000
1000 2090 300 620 1000
1000 2089 299 619 1000
1000 2088 298 618 1000
1000 2087 297 617 1000
1000 2086 296 616 1000
1000 2085 295 615 1000
1000 2084 294 614 1000
1000 2083 293 613 1000
1000 2082 292 612 1000
1000 2081 291 611 1000
1000 2080 290 610 1000
1000 2079 289 609 1000
1000 2078 288 608 1000
1000 2077 287 607 1000
1000 2076 286 606 1000
1000 2075 285 605 1000
1000 2074 284 604 1000
1000 2073 283 603 1000
1000 2072 282 602 1000
1000 2071 281 601 1000
1000 2070 280 600 1000
1000 2069 279 599 1000
1000 2068 278 598 1000
1000 2067 277 597 1000
1000 2066 276 596 1000
1000 2065 275 595 1000
1000 2064 274 594 1000
1000 2063 273 593 1000
1000 2062 272 592 1000
1000 2061 271 591 1000
1000 2060 270 590 1000
1000 2059 269 589 1000
1000 2058 268 588 1000
1000 2057 267 587 1000
1000 2056 266 586 1000
1000 2055 265 585 1000
1000 2054 264 584 1000
1000 2053 263 583 1000
1000 2052 262 582 1000
1000 2051 261 581 1000
1000 2050 260 580 1000
1000 2049 259 579 1000
1000 2048 258 578 1000
1000 2047 257 577 1000
1000 2046 256 576 1000
1000 2045 255 575 1000
1000 2044 254 574 1000
1000 2043 253 573 1000
1000 2042 252 572 1000
1000 2041 251 571 1000
1000 2040 250 570 1000
1000 2039 249 569 1000
1000 2038 248 568 1000
1000 2037 247 567 1000
1000 2036 246 566 1000
1000 2035 245 565 1000
1000 2034 244 564 1000
1000 2033 243 563 1000
1000 2032 242 562 1000
1000 2031 241 561 1000
1000 2030 240 560 1000
1000 2029 239 559 1000
1000 2028 238 558 1000
1000 2027 237 557 1000
1000 2026 236 556 1000
1000 2025 235 555 1000
1000 2024 234 554 1000
1000 2023 233 553 1000
1000 2022 232 552 1000
1000 2021 231 551 1000
1000 2020 230 550 1000
1000 2019 229 549 1000
1000 2018 228 548 1000
1000 2017 227 547 1000
1000 2016 226 546 1000
1000 2015 225 545 1000
1000 2014 224 544 1000
1000 2013 223 543 1000
1000 2012 222 542 1000
1000 2011 221 541 1000
1000 2010 220 540 1000
1000 2009 219 539 1000
1000 2008 218 538 1000
1000 2007 217 537 1000
1000 2006 216 536 1000
1000 2005 215 535 1000
1000 2004 214 534 1000
1000 2003 213 533 1000
1000 2002 212 532 1000
1000 2001 211 531 1000
1000 2000 210 530 1000
1000 1999 209 529 1000
1000 1998 208 528 1000
1000 1997 207 527 1000
1000 1996 206 526 1000
1000 1995 205 525 1000
1000 1994 204 524 1000
1000 1993 203 523 1000
1000 1992 202 522 1000
1000 1991 201 521 1000
1000 1990 200 520 1000
1000 1989 199 519 1000
1000 1988 198 518 1000
1000 1987 197 517 1000
1000 1986 196 516 1000
1000 1985 195 515 1000
1000 1984 194 514 1000
1000 1983 193 513 1000
1000 1982 192 512 1000
1000 1981 191 511 1000
1000 1980 190 510 1000
1000 1979 189 509 1000
1000 1978 188 508 1000
1000 1977 187 507 1000
1000 1976 186 506 1000
1000 1975 185 505 1000
1000 1974 184 504 1000
1000 1973 183 503 1000
1000 1972 182 502 1000
1000 1971 181 501 1000
1000 1970 180 500 1000
1000 1969 179 499 1000
1000 1968 178 498 1000
1000 1967 177 497 1000
1000 1966 176 496 1000
1000 1965 175 495 1000
1000 1964 174 494 1000
1000 1963 173 493 1000
1000 1962 172 492 1000
1000 1961 171 491 1000
1000 1960 170 490 1000
1000 1959 169 489 1000
1000 1958 168 488 1000
1000 1957 167 487 1000
1000 1956 166 486 1000
1000 1955 165 485 1000
1000 1954 164 484 1000
1000 1953 163 483 1000
1000 1952 162 482 1000
1000 1951 161 481 1000
1000 1950 160 480 1000
1000 1949 159 479 1000
1000 1948 158 478 1000
1000 1947 157 477 1000
1000 1946 156 476 1000
1000 1945 155 475 1000
1000 1944 154 474 1000
1000 1943 153 473 1000
1000 1942 152 472 1000
1000 1941 151 471 1000
1000 1940 150 470 1000
1000 1939 149 469 1000
1000 1938 148 468 1000
1000 1937 147 467 1000
1000 1936 146 466 1000
1000 1935 145 465 1000
1000 1934 144 464 1000
1000 1933 143 463 1000
1000 1932 142 462 1000
1000 1931 141 461 1000
1000 1930 140 460 1000
1000 1929 139 459 1000
1000 1928 138 458 1000
1000 1927 137 457 1000
1000 1926 136 456 1000
1000 1925 135 455 1000
1000 1924 134 454 1000
1000 1923 133 453 1000
1000 1922 132 452 1000
1000 1921 131 451 1000
1000 1920 130 450 1000
1000 1919 129 449 1000
1000 1918 128 448 1000
1000 1917 127 447 1000
1000 1916 126 446 1000
1000 1915 125 445 1000
1000 1914 124 444 1000
1000 1913 123 443 1000
1000 1912 122 442 1000
1000 1911 121 441 1000
1000 1910 120 440 1000
1000 1909 119 439 1000
1000 1908 118 438 1000
1000 1907 117 437 1000
1000 1906 116 436 1000
1000 1905 115 435 1000
1000 1904 114 434 1000
1000 1903 113 433 1000
1000 1902 112 432 1000
1000 1901 111 431 1000
1000 1900 110 430 1000
1000 1899 109 429 1000
1000 1898 108 428 1000
1000 1897 107 427 1000
1000 1896 106 426 1000
1000 1895 105 425 1000
1000 1894 104 424 1000
1000 1893 103 423 1000
1000 1892 102 422 1000
1000 1891 101 421 1000
1000 1890 100 420 1000
1000 1889 99 419 1000
1000 1888 98 418 1000
1000 1887 97 417 1000
1000 1886 96 416 1000
1000 1885 95 415 1000
1000 1884 94 414 1000
1000 1883 93 413 1000
1000 1882 92 412 1000
1000 1881 91 411 1000
1000 1880 90 410 1000
1000 1879 89 409 1000
1000 1878 88 408 1000
1000 1877 87 407 1000
1000 1876 86 406 1000
1000 1875 85 405 1000
1000 1874 84 404 1000
1000 1873 83 403 1000
1000 1872 82 402 1000
1000 1871 81 401 1000
1000 1870 80 400 1000
1000 1869 79 399 1000
1000 1868 78 398 1000
1000 1867 77 397 1000
1000 1866 76 396 1000
1000 1865 75 395 1000
1000 1864 74 394 1000
1000 1863 73 393 1000
1000 1862 72 392 1000
1000 1861 71 391 1000
1000 1860 70 390 1000
1000 1859 69 389 1000
1000 1858 68 388 1000
1000 1857 67 387 1000
1000 1856 66 386 1000
1000 1855 65 385 1000
1000 1854 64 384 1000
1000 1853 63 383 1000
1000 1852 62 382 1000
1000 1851 61 381 1000
1000 1850 60 380 1000
1000 1849 59 379 1000
1000 1848 58 378 1000
1000 1847 57 377 1000
1000 1846 56 376 1000
1000 1845 55 375 1000
1000 1844 54 374 1000
1000 1843 53 373 1000
1000 1842 52 372 1000
1000 1841 51 371 1000
1000 1840 50 370 1000
1000 1839 49 369 1000
1000 1838 48 368 1000
1000 1837 47 367 1000
1000 1836 46 366 1000
1000 1835 45 365 1000
1000 1834 44 364 1000
1000 1833 43 363 1000
1000 1832 42 362 1000
1000 1831 41 361 1000
1000 1830 40 360 1000
1000 1829 39 359 1000
1000 1828 38 358 1000
1000 1827 37 357 1000
1000 1826 36 356 1000
1000 1825 35 355 1000
1000 1824 34 354 1000
1000 1823 33 353 1000
1000 1822 32 352 1000
1000 1821 31 351 1000
1000 1820 30 350 1000
1000 1819 29 349 1000
1000 1818 28 348 1000
1000 1817 27 347 1000
1000 1816 26 346 1000
1000 1815 25 345 1000
1000 1814 24 344 1000
1000 1813 23 343 1000
1000 1812 22 342 1000
1000 1811 21 341 1000
1000 1810 20 340 1000
1000 1809 19 339 1000
1000 1808 18 338 1000
1000 1807 17 337 1000
1000 1806 16 336 1000
1000 1805 15 335 1000
1000 1804 14 334 1000
1000 1803 13 333 1000
1000 1802 12 332 1000
1000 1801 11 331 1000
1000 1800 10 330 1000
1000 1799 9 329 1000
1000 1798 8 328 1000
1000 1797 7 327 1000
1000 1796 6 326 1000
1000 1795 5 325 1000
1000 1794 4 324 1000
1000 1793 3 323 1000
1000 1792 2 322 1000
1000 1791 1 321 1000
1000 1790 0 320 1000
1000 1789 1000 319 1000
1000 1788 1000 318 1000
1000 1787 1000 317 1000
1000 1786 1000 316 1000
1000 1785 1000 315 1000
1000 1784 1000 314 1000
1000 1783 1000 313 1000
1000 1782 1000 312 1000
1000 1781 1000 311 1000
1000 1780 1000 310 1000
1000 1779 1000 309 1000
1000 1778 1000 308 1000
1000 1777 1000 307 1000
1000 1776 1000 306 1000
1000 1775 1000 305 1000
1000 1774 1000 304 1000
1000 1773 1000 303 1000
1000 1772 1000 302 1000
1000 1771 1000 301 1000
1000 1770 1000 300 1000
1000 1769 1000 299 1000
1000 1768 1000 298 1000
1000 1767 1000 297 1000
1000 1766 1000 296 1000
1000 1765 1000 295 1000
1000 1764 1000 294 1000
1000 1763 1000 293 1000
1000 1762 1000 292 1000
1000 1761 1000 291 1000
1000 1760 1000 290 1000
1000 1759 1000 289 1000
1000 1758 1000 288 1000
1000 1757 1000 287 1000
1000 1756 1000 286 1000
1000 1755 1000 285 1000
1000 1754 1000 284 1000
1000 1753 1000 283 1000
1000 1752 1000 282 1000
1000 1751 1000 281 1000
1000 1750 1000 280 1000
1000 1749 1000 279 1000
1000 1748 1000 278 1000
1000 1747 1000 277 1000
1000 1746 1000 276 1000
1000 1745 1000 275 1000
1000 1744 1000 274 1000
1000 1743 1000 273 1000
1000 1742 1000 272 1000
1000 1741 1000 271 1000
1000 1740 1000 270 1000
1000 1739 1000 269 1000
1000 1738 1000 268 1000
1000 1737 1000 267 1000
1000 1736 1000 266 1000
1000 1735 1000 265 1000
1000 1734 1000 264 1000
1000 1733 1000 263 1000
1000 1732 1000 262 1000
1000 1731 1000 261 1000
1000 1730 1000 260 1000
1000 1729 1000 259 1000
1000 1728 1000 258 1000
1000 1727 1000 257 1000
1000 1726 1000 256 1000
1000 1725 1000 255 1000
1000 1724 1000 254 1000
1000 1723 1000 253 1000
1000 1722 1000 252 1000
1000 1721 1000 251 1000
1000 1720 1000 250 1000
1000 1719 1000 249 1000
1000 1718 1000 248 1000
1000 1717 1000 247 1000
1000 1716 1000 246 1000
1000 1715 1000 245 1000
1000 1714 1000 244 1000
1000 1713 1000 243 1000
1000 1712 1000 242 1000
1000 1711 1000 241 1000
1000 1710 1000 240 1000
1000 1709 1000 239 1000
1000 1708 1000 238 1000
1000 1707 1000 237 1000
1000 1706 1000 236 1000
1000 1705 1000 235 1000
1000 1704 1000 234 1000
1000 1703 1000 233 1000
1000 1702 1000 232 1000
1000 1701 1000 231 1000
1000 1700 1000 230 1000
1000 1699 1000 229 1000
1000 1698 1000 228 1000
1000 1697 1000 227 1000
1000 1696 1000 226 1000
1000 1695 1000 225 1000
1000 1694 1000 224 1000
1000 1693 1000 223 1000
1000 1692 1000 222 1000
1000 1691 1000 221 1000
1000 1690 1000 220 1000
1000 1689 1000 219 1000
1000 1688 1000 218 1000
1000 1687 1000 217 1000
1000 1686 1000 216 1000
1000 1685 1000 215 1000
1000 1684 1000 214 1000
1000 1683 1000 213 1000
1000 1682 1000 212 1000
1000 1681 1000 211 1000
1000 1680 1000 210 1000
1000 1679 1000 209 1000
1000 1678 1000 208 1000
1000 1677 1000 207 1000
1000 1676 1000 206 1000
1000 1675 1000 205 1000
1000 1674 1000 204 1000
1000 1673 1000 203 1000
1000 1672 1000 202 1000
1000 1671 1000 201 1000
1000 1670 1000 200 1000
1000 1669 1000 199 1000
1000 1668 1000 198 1000
1000 1667 1000 197 1000
1000 1666 1000 196 1000
1000 1665 1000 195 1000
1000 1664 1000 194 1000
1000 1663 1000 193 1000
1000 1662 1000 192 1000
1000 1661 1000 191 1000
1000 1660 1000 190 1000
1000 1659 1000 189 1000
1000 1658 1000 188 1000
1000 1657 1000 187 1000
1000 1656 1000 186 1000
1000 1655 1000 185 1000
1000 1654 1000 184 1000
1000 1653 1000 183 1000
1000 1652 1000 182 1000
1000 1651 1000 181 1000
1000 1650 1000 180 1000
1000 1649 1000 179 1000
1000 1648 1000 178 1000
1000 1647 1000 177 1000
1000 1646 1000 176 1000
1000 1645 1000 175 1000
1000 1644 1000 174 1000
1000 1643 1000 173 1000
1000 1642 1000 172 1000
1000 1641 1000 171 1000
1000 1640 1000 170 1000
1000 1639 1000 169 1000
1000 1638 1000 168 1000
1000 1637 1000 167 1000
1000 1636 1000 166 1000
1000 1635 1000 165 1000
1000 1634 1000 164 1000
1000 1633 1000 163 1000
1000 1632 1000 162 1000
1000 1631 1000 161 1000
1000 1630 1000 160 1000
1000 1629 1000 159 1000
1000 1628 1000 158 1000
1000 1627 1000 157 1000
1000 1626 1000 156 1000
1000 1625 1000 155 1000
1000 1624 1000 154 1000
1000 1623 1000 153 1000
1000 1622 1000 152 1000
1000 1621 1000 151 1000
1000 1620 1000 150 1000
1000 1619 1000 149 1000
1000 1618 1000 148 1000
1000 1617 1000 147 1000
1000 1616 1000 146 1000
1000 1615 1000 145 1000
1000 1614 1000 144 1000
1000 1613 1000 143 1000
1000 1612 1000 142 1000
1000 1611 1000 141 1000
1000 1610 1000 140 1000
1000 1609 1000 139 1000
1000 1608 1000 138 1000
1000 1607 1000 137 1000
1000 1606 1000 136 1000
1000 1605 1000 135 1000
1000 1604 1000 134 1000
1000 1603 1000 133 1000
1000 1602 1000 132 1000
1000 1601 1000 131 1000
1000 1600 1000 130 1000
1000 1599 1000 129 1000
1000 1598 1000 128 1000
1000 1597 1000 127 1000
1000 1596 1000 126 1000
1000 1595 1000 125 1000
1000 1594 1000 124 1000
1000 1593 1000 123 1000
1000 1592 1000 122 1000
1000 1591 1000 121 1000
1000 1590 1000 120 1000
1000 1589 1000 119 1000
1000 1588 1000 118 1000
1000 1587 1000 117 1000
1000 1586 1000 116 1000
1000 1585 1000 115 1000
1000 1584 1000 114 1000
1000 1583 1000 113 1000
1000 1582 1000 112 1000
1000 1581 1000 111 1000
1000 1580 1000 110 1000
1000 1579 1000 109 1000
1000 1578 1000 108 1000
1000 1577 1000 107 1000
1000 1576 1000 106 1000
1000 1575 1000 105 1000
1000 1574 1000 104 1000
1000 1573 1000 103 1000
1000 1572 1000 102 1000
1000 1571 1000 101 1000
1000 1570 1000 100 1000
1000 1569 1000 99 1000
1000 1568 1000 98 1000
1000 1567 1000 97 1000
1000 1566 1000 96 1000
1000 1565 1000 95 1000
1000 1564 1000 94 1000
1000 1563 1000 93 1000
1000 1562 1000 92 1000
1000 1561 1000 91 1000
1000 1560 1000 90 1000
1000 1559 1000 89 1000
1000 1558 1000 88 1000
1000 1557 1000 87 1000
1000 1556 1000 86 1000
1000 1555 1000 85 1000
1000 1554 1000 84 1000
1000 1553 1000 83 1000
1000 1552 1000 82 1000
1000 1551 1000 81 1000
1000 1550 1000 80 1000
1000 1549 1000 79 1000
1000 1548 1000 78 1000
1000 1547 1000 77 1000
1000 1546 1000 76 1000
1000 1545 1000 75 1000
1000 1544 1000 74 1000
1000 1543 1000 73 1000
1000 1542 1000 72 1000
1000 1541 1000 71 1000
1000 1540 1000 70 1000
1000 1539 1000 69 1000
1000 1538 1000 68 1000
1000 1537 1000 67 1000
1000 1536 1000 66 1000
1000 1535 1000 65 1000
1000 1534 1000 64 1000
1000 1533 1000 63 1000
1000 1532 1000 62 1000
1000 1531 1000 61 1000
1000 1530 1000 60 1000
1000 1529 1000 59 1000
1000 1528 1000 58 1000
1000 1527 1000 57 1000
1000 1526 1000 56 1000
1000 1525 1000 55 1000
1000 1524 1000 54 1000
1000 1523 1000 53 1000
1000 1522 1000 52 1000
1000 1521 1000 51 1000
1000 1520 1000 50 1000
1000 1519 1000 49 1000
1000 1518 1000 48 1000
1000 1517 1000 47 1000
1000 1516 1000 46 1000
1000 1515 1000 45 1000
1000 1514 1000 44 1000
1000 1513 1000 43 1000
1000 1512 1000 42 1000
1000 1511 1000 41 1000
1000 1510 1000 40 1000
1000 1509 1000 39 1000
1000 1508 1000 38 1000
1000 1507 1000 37 1000
1000 1506 1000 36 1000
1000 1505 1000 35 1000
1000 1504 1000 34 1000
1000 1503 1000 33 1000
1000 1502 1000 32 1000
1000 1501 1000 31 1000
1000 1500 1000 30 1000
1000 1499 1000 29 1000
1000 1498 1000 28 1000
1000 1497 1000 27 1000
1000 1496 1000 26 1000
1000 1495 1000 25 1000
1000 1494 1000 24 1000
1000 1493 1000 23 1000
1000 1492 1000 22 1000
1000 1491 1000 21 1000
1000 1490 1000 20 1000
1000 1489 1000 19 1000
1000 1488 1000 18 1000
1000 1487 1000 17 1000
1000 1486 1000 16 1000
1000 1485 1000 15 1000
1000 1484 1000 14 1000
1000 1483 1000 13 1000
1000 1482 1000 12 1000
1000 1481 1000 11 1000
1000 1480 1000 10 1000
1000 1479 1000 9 1000
1000 1478 1000 8 1000
1000 1477 1000 7 1000
1000 1476 1000 6 1000
1000 1475 1000 5 1000
1000 1474 1000 4 1000
1000 1473 1000 3 1000
1000 1472 1000 2 1000
1000 1471 1000 1 1000
1000 1470 1000 0 1000
1000 1469 1000 1000 1000
1000 1468 1000 1000 1000
1000 1467 1000 1000 1000
1000 1466 1000 1000 1000
1000 1465 1000 1000 1000
1000 1464 1000 1000 1000
1000 1463 1000 1000 1000
1000 1462 1000 1000 1000
1000 1461 1000 1000 1000
1000 1460 1000 1000 1000
1000 1459 1000 1000 1000
1000 1458 1000 1000 1000
1000 1457 1000 1000 1000
1000 1456 1000 1000 1000
1000 1455 1000 1000 1000
1000 1454 1000 1000 1000
1000 1453 1000 1000 1000
1000 1452 1000 1000 1000
1000 1451 1000 1000 1000
1000 1450 1000 1000 1000
1000 1449 1000 1000 1000
1000 1448 1000 1000 1000
1000 1447 1000 1000 1000
1000 1446 1000 1000 1000
1000 1445 1000 1000 1000
1000 1444 1000 1000 1000
1000 1443 1000 1000 1000
1000 1442 1000 1000 1000
1000 1441 1000 1000 1000
1000 1440 1000 1000 1000
1000 1439 1000 1000 1000
1000 1438 1000 1000 1000
1000 1437 1000 1000 1000
1000 1436 1000 1000 1000
1000 1435 1000 1000 1000
1000 1434 1000 1000 1000
1000 1433 1000 1000 1000
1000 1432 1000 1000 1000
1000 1431 1000 1000 1000
1000 1430 1000 1000 1000
1000 1429 1000 1000 1000
1000 1428 1000 1000 1000
1000 1427 1000 1000 1000
1000 1426 1000 1000 1000
1000 1425 1000 1000 1000
1000 1424 1000 1000 1000
1000 1423 1000 1000 1000
1000 1422 1000 1000 1000
1000 1421 1000 1000 1000
1000 1420 1000 1000 1000
1000 1419 1000 1000 1000
1000 1418 1000 1000 1000
1000 1417 1000 1000 1000
1000 1416 1000 1000 1000
1000 1415 1000 1000 1000
1000 1414 1000 1000 1000
1000 1413 1000 1000 1000
1000 1412 1000 1000 1000
1000 1411 1000 1000 1000
1000 1410 1000 1000 1000
1000 1409 1000 1000 1000
1000 1408 1000 1000 1000
1000 1407 1000 1000 1000
1000 1406 1000 1000 1000
1000 1405 1000 1000 1000
1000 1404 1000 1000 1000
1000 1403 1000 1000 1000
1000 1402 1000 1000 1000
1000 1401 1000 1000 1000
1000 1400 1000 1000 1000
1000 1399 1000 1000 1000
1000 1398 1000 1000 1000
1000 1397 1000 1000 1000
1000 1396 1000 1000 1000
1000 1395 1000 1000 1000
1000 1394 1000 1000 1000
1000 1393 1000 1000 1000
1000 1392 1000 1000 1000
1000 1391 1000 1000 1000
1000 1390 1000 1000 1000
1000 1389 1000 1000 1000
1000 1388 1000 1000 1000
1000 1387 1000 1000 1000
1000 1386 1000 1000 1000
1000 1385 1000 1000 1000
1000 1384 1000 1000 1000
1000 1383 1000 1000 1000
1000 1382 1000 1000 1000
1000 1381 1000 1000 1000
1000 1380 1000 1000 1000
1000 1379 1000 1000 1000
1000 1378 1000 1000 1000
1000 1377 1000 1000 1000
1000 1376 1000 1000 1000
1000 1375 1000 1000 1000
1000 1374 1000 1000 1000
1000 1373 1000 1000 1000
1000 1372 1000 1000 1000
1000 1371 1000 1000 1000
1000 1370 1000 1000 1000
1000 1369 1000 1000 1000
1000 1368 1000 1000 1000
1000 1367 1000 1000 1000
1000 1366 1000 1000 1000
1000 1365 1000 1000 1000
1000 1364 1000 1000 1000
1000 1363 1000 1000 1000
1000 1362 1000 1000 1000
1000 1361 1000 1000 1000
1000 1360 1000 1000 1000
1000 1359 1000 1000 1000
1000 1358 1000 1000 1000
1000 1357 1000 1000 1000
1000 1356 1000 1000 1000
1000 1355 1000 1000 1000
1000 1354 1000 1000 1000
1000 1353 1000 1000 1000
1000 1352 1000 1000 1000
1000 1351 1000 1000 1000
1000 1350 1000 1000 1000
1000 1349 1000 1000 1000
1000 1348 1000 1000 1000
1000 1347 1000 1000 1000
1000 1346 1000 1000 1000
1000 1345 1000 1000 1000
1000 1344 1000 1000 1000
1000 1343 1000 1000 1000
1000 1342 1000 1000 1000
1000 1341 1000 1000 1000
1000 1340 1000 1000 1000
1000 1339 1000 1000 1000
1000 1338 1000 1000 1000
1000 1337 1000 1000 1000
1000 1336 1000 1000 1000
1000 1335 1000 1000 1000
1000 1334 1000 1000 1000
1000 1333 1000 1000 1000
1000 1332 1000 1000 1000
1000 1331 1000 1000 1000
1000 1330 1000 1000 1000
1000 1329 1000 1000 1000
1000 1328 1000 1000 1000
1000 1327 1000 1000 1000
1000 1326 1000 1000 1000
1000 1325 1000 1000 1000
1000 1324 1000 1000 1000
1000 1323 1000 1000 1000
1000 1322 1000 1000 1000
1000 1321 1000 1000 1000
1000 1320 1000 1000 1000
1000 1319 1000 1000 1000
1000 1318 1000 1000 1000
1000 1317 1000 1000 1000
1000 1316 1000 1000 1000
1000 1315 1000 1000 1000
1000 1314 1000 1000 1000
1000 1313 1000 1000 1000
1000 1312 1000 1000 1000
1000 1311 1000 1000 1000
1000 1310 1000 1000 1000
1000 1309 1000 1000 1000
1000 1308 1000 1000 1000
1000 1307 1000 1000 1000
1000 1306 1000 1000 1000
1000 1305 1000 1000 1000
1000 1304 1000 1000 1000
1000 1303 1000 1000 1000
1000 1302 1000 1000 1000
1000 1301 1000 1000 1000
1000 1300 1000 1000 1000
1000 1299 1000 1000 1000
1000 1298 1000 1000 1000
1000 1297 1000 1000 1000
1000 1296 1000 1000 1000
1000 1295 1000 1000 1000
1000 1294 1000 1000 1000
1000 1293 1000 1000 1000
1000 1292 1000 1000 1000
1000 1291 1000 1000 1000
1000 1290 1000 1000 1000
1000 1289 1000 1000 1000
1000 1288 1000 1000 1000
1000 1287 1000 1000 1000
1000 1286 1000 1000 1000
1000 1285 1000 1000 1000
1000 1284 1000 1000 1000
1000 1283 1000 1000 1000
1000 1282 1000 1000 1000
1000 1281 1000 1000 1000
1000 1280 1000 1000 1000
1000 1279 1000 1000 1000
1000 1278 1000 1000 1000
1000 1277 1000 1000 1000
1000 1276 1000 1000 1000
1000 1275 1000 1000 1000
1000 1274 1000 1000 1000
1000 1273 1000 1000 1000
1000 1272 1000 1000 1000
1000 1271 1000 1000 1000
1000 1270 1000 1000 1000
1000 1269 1000 1000 1000
1000 1268 1000 1000 1000
1000 1267 1000 1000 1000
1000 1266 1000 1000 1000
1000 1265 1000 1000 1000
1000 1264 1000 1000 1000
1000 1263 1000 1000 1000
1000 1262 1000 1000 1000
1000 1261 1000 1000 1000
1000 1260 1000 1000 1000
1000 1259 1000 1000 1000
1000 1258 1000 1000 1000
1000 1257 1000 1000 1000
1000 1256 1000 1000 1000
1000 1255 1000 1000 1000
1000 1254 1000 1000 1000
1000 1253 1000 1000 1000
1000 1252 1000 1000 1000
1000 1251 1000 1000 1000
1000 1250 1000 1000 1000
1000 1249 1000 1000 1000
1000 1248 1000 1000 1000
1000 1247 1000 1000 1000
1000 1246 1000 1000 1000
1000 1245 1000 1000 1000
1000 1244 1000 1000 1000
1000 1243 1000 1000 1000
1000 1242 1000 1000 1000
1000 1241 1000 1000 1000
1000 1240 1000 1000 1000
1000 1239 1000 1000 1000
1000 1238 1000 1000 1000
1000 1237 1000 1000 1000
1000 1236 1000 1000 1000
1000 1235 1000 1000 1000
1000 1234 1000 1000 1000
1000 1233 1000 1000 1000
1000 1232 1000 1000 1000
1000 1231 1000 1000 1000
1000 1230 1000 1000 1000
1000 1229 1000 1000 1000
1000 1228 1000 1000 1000
1000 1227 1000 1000 1000
1000 1226 1000 1000 1000
1000 1225 1000 1000 1000
1000 1224 1000 1000 1000
1000 1223 1000 1000 1000
1000 1222 1000 1000 1000
1000 1221 1000 1000 1000
1000 1220 1000 1000 1000
1000 1219 1000 1000 1000
1000 1218 1000 1000 1000
1000 1217 1000 1000 1000
1000 1216 1000 1000 1000
1000 1215 1000 1000 1000
1000 1214 1000 1000 1000
1000 1213 1000 1000 1000
1000 1212 1000 1000 1000
1000 1211 1000 1000 1000
1000 1210 1000 1000 1000
1000 1209 1000 1000 1000
1000 1208 1000 1000 1000
1000 1207 1000 1000 1000
1000 1206 1000 1000 1000
1000 1205 1000 1000 1000
1000 1204 1000 1000 1000
1000 1203 1000 1000 1000
1000 1202 1000 1000 1000
1000 1201 1000 1000 1000
1000 1200 1000 1000 1000
1000 1199 1000 1000 1000
1000 1198 1000 1000 1000
1000 1197 1000 1000 1000
1000 1196 1000 1000 1000
1000 1195 1000 1000 1000
1000 1194 1000 1000 1000
1000 1193 1000 1000 1000
1000 1192 1000 1000 1000
1000 1191 1000 1000 1000
1000 1190 1000 1000 1000
1000 1189 1000 1000 1000
1000 1188 1000 1000 1000
1000 1187 1000 1000 1000
1000 1186 1000 1000 1000
1000 1185 1000 1000 1000
1000 1184 1000 1000 1000
1000 1183 1000 1000 1000
1000 1182 1000 1000 1000
1000 1181 1000 1000 1000
1000 1180 1000 1000 1000
1000 1179 1000 1000 1000
1000 1178 1000 1000 1000
1000 1177 1000 1000 1000
1000 1176 1000 1000 1000
1000 1175 1000 1000 1000
1000 1174 1000 1000 1000
1000 1173 1000 1000 1000
1000 1172 1000 1000 1000
1000 1171 1000 1000 1000
1000 1170 1000 1000 1000
1000 1169 1000 1000 1000
1000 1168 1000 1000 1000
1000 1167 1000 1000 1000
1000 1166 1000 1000 1000
1000 1165 1000 1000 1000
1000 1164 1000 1000 1000
1000 1163 1000 1000 1000
1000 1162 1000 1000 1000
1000 1161 1000 1000 1000
1000 1160 1000 1000 1000
1000 1159 1000 1000 1000
1000 1158 1000 1000 1000
1000 1157 1000 1000 1000
1000 1156 1000 1000 1000
1000 1155 1000 1000 1000
1000 1154 1000 1000 1000
1000 1153 1000 1000 1000
1000 1152 1000 1000 1000
1000 1151 1000 1000 1000
1000 1150 1000 1000 1000
1000 1149 1000 1000 1000
1000 1148 1000 1000 1000
1000 1147 1000 1000 1000
1000 1146 1000 1000 1000
1000 1145 1000 1000 1000
1000 1144 1000 1000 1000
1000 1143 1000 1000 1000
1000 1142 1000 1000 1000
1000 1141 1000 1000 1000
1000 1140 1000 1000 1000
1000 1139 1000 1000 1000
1000 1138 1000 1000 1000
1000 1137 1000 1000 1000
1000 1136 1000 1000 1000
1000 1135 1000 1000 1000
1000 1134 1000 1000 1000
1000 1133 1000 1000 1000
1000 1132 1000 1000 1000
1000 1131 1000 1000 1000
1000 1130 1000 1000 1000
1000 1129 1000 1000 1000
1000 1128 1000 1000 1000
1000 1127 1000 1000 1000
1000 1126 1000 1000 1000
1000 1125 1000 1000 1000
1000 1124 1000 1000 1000
1000 1123 1000 1000 1000
1000 1122 1000 1000 1000
1000 1121 1000 1000 1000
1000 1120 1000 1000 1000
1000 1119 1000 1000 1000
1000 1118 1000 1000 1000
1000 1117 1000 1000 1000
1000 1116 1000 1000 1000
1000 1115 1000 1000 1000
1000 1114 1000 1000 1000
1000 1113 1000 1000 1000
1000 1112 1000 1000 1000
1000 1111 1000 1000 1000
1000 1110 1000 1000 1000
1000 1109 1000 1000 1000
1000 1108 1000 1000 1000
1000 1107 1000 1000 1000
1000 1106 1000 1000 1000
1000 1105 1000 1000 1000
1000 1104 1000 1000 1000
1000 1103 1000 1000 1000
1000 1102 1000 1000 1000
1000 1101 1000 1000 1000
1000 1100 1000 1000 1000
1000 1099 1000 1000 1000
1000 1098 1000 1000 1000
1000 1097 1000 1000 1000
1000 1096 1000 1000 1000
1000 1095 1000 1000 1000
1000 1094 1000 1000 1000
1000 1093 1000 1000 1000
1000 1092 1000 1000 1000
1000 1091 1000 1000 1000
1000 1090 1000 1000 1000
1000 1089 1000 1000 1000
1000 1088 1000 1000 1000
1000 1087 1000 1000 1000
1000 1086 1000 1000 1000
1000 1085 1000 1000 1000
1000 1084 1000 1000 1000
1000 1083 1000 1000 1000
1000 1082 1000 1000 1000
1000 1081 1000 1000 1000
1000 1080 1000 1000 1000
1000 1079 1000 1000 1000
1000 1078 1000 1000 1000
1000 1077 1000 1000 1000
1000 1076 1000 1000 1000
1000 1075 1000 1000 1000
1000 1074 1000 1000 1000
1000 1073 1000 1000 1000
1000 1072 1000 1000 1000
1000 1071 1000 1000 1000
1000 1070 1000 1000 1000
1000 1069 1000 1000 1000
1000 1068 1000 1000 1000
1000 1067 1000 1000 1000
1000 1066 1000 1000 1000
1000 1065 1000 1000 1000
1000 1064 1000 1000 1000
1000 1063 1000 1000 1000
1000 1062 1000 1000 1000
1000 1061 1000 1000 1000
1000 1060 1000 1000 1000
1000 1059 1000 1000 1000
1000 1058 1000 1000 1000
1000 1057 1000 1000 1000
1000 1056 1000 1000 1000
1000 1055 1000 1000 1000
1000 1054 1000 1000 1000
1000 1053 1000 1000 1000
1000 1052 1000 1000 1000
1000 1051 1000 1000 1000
1000 1050 1000 1000 1000
1000 1049 1000 1000 1000
1000 1048 1000 1000 1000
1000 1047 1000 1000 1000
1000 1046 1000 1000 1000
1000 1045 1000 1000 1000
1000 1044 1000 1000 1000
1000 1043 1000 1000 1000
1000 1042 1000 1000 1000
1000 1041 1000 1000 1000
1000 1040 1000 1000 1000
1000 1039 1000 1000 1000
1000 1038 1000 1000 1000
1000 1037 1000 1000 1000
1000 1036 1000 1000 1000
1000 1035 1000 1000 1000
1000 1034 1000 1000 1000
1000 1033 1000 1000 1000
1000 1032 1000 1000 1000
1000 1031 1000 1000 1000
1000 1030 1000 1000 1000
1000 1029 1000 1000 1000
1000 1028 1000 1000 1000
1000 1027 1000 1000 1000
1000 1026 1000 1000 1000
1000 1025 1000 1000 1000
1000 1024 1000 1000 1000
1000 1023 1000 1000 1000
1000 1022 1000 1000 1000
1000 1021 1000 1000 1000
1000 1020 1000 1000 1000
1000 1019 1000 1000 1000
1000 1018 1000 1000 1000
1000 1017 1000 1000 1000
1000 1016 1000 1000 1000
1000 1015 1000 1000 1000
1000 1014 1000 1000 1000
1000 1013 1000 1000 1000
1000 1012 1000 1000 1000
1000 1011 1000 1000 1000
1000 1010 1000 1000 1000
1000 1009 1000 1000 1000
1000 1008 1000 1000 1000
1000 1007 1000 1000 1000
1000 1006 1000 1000 1000
1000 1005 1000 1000 1000
1000 1004 1000 1000 1000
1000 1003 1000 1000 1000
1000 1002 1000 1000 1000
1000 1001 1000 1000 1000
1000 1000 1000 1000 1000
1000 999 1000 1000 1000
1000 998 1000 1000 1000
1000 997 1000 1000 1000
1000 996 1000 1000 1000
1000 995 1000 1000 1000
1000 994 1000 1000 1000
1000 993 1000 1000 1000
1000 992 1000 1000 1000
1000 991 1000 1000 1000
1000 990 1000 1000 1000
1000 989 1000 1000 1000
1000 988 1000 1000 1000
1000 987 1000 1000 1000
1000 986 1000 1000 1000
1000 985 1000 1000 1000
1000 984 1000 1000 1000
1000 983 1000 1000 1000
1000 982 1000 1000 1000
1000 981 1000 1000 1000
1000 980 1000 1000 1000
1000 979 1000 1000 1000
1000 978 1000 1000 1000
1000 977 1000 1000 1000
1000 976 1000 1000 1000
1000 975 1000 1000 1000
1000 974 1000 1000 1000
1000 973 1000 1000 1000
1000 972 1000 1000 1000
1000 971 1000 1000 1000
1000 970 1000 1000 1000
1000 969 1000 1000 1000
1000 968 1000 1000 1000
1000 967 1000 1000 1000
1000 966 1000 1000 1000
1000 965 1000 1000 1000
1000 964 1000 1000 1000
1000 963 1000 1000 1000
1000 962 1000 1000 1000
1000 961 1000 1000 1000
1000 960 1000 1000 1000
1000 959 1000 1000 1000
1000 958 1000 1000 1000
1000 957 1000 1000 1000
1000 956 1000 1000 1000
1000 955 1000 1000 1000
1000 954 1000 1000 1000
1000 953 1000 1000 1000
1000 952 1000 1000 1000
1000 951 1000 1000 1000
1000 950 1000 1000 1000
1000 949 1000 1000 1000
1000 948 1000 1000 1000
1000 947 1000 1000 1000
1000 946 1000 1000 1000
1000 945 1000 1000 1000
1000 944 1000 1000 1000
1000 943 1000 1000 1000
1000 942 1000 1000 1000
1000 941 1000 1000 1000
1000 940 1000 1000 1000
1000 939 1000 1000 1000
1000 938 1000 1000 1000
1000 937 1000 1000 1000
1000 936 1000 1000 1000
1000 935 1000 1000 1000
1000 934 1000 1000 1000
1000 933 1000 1000 1000
1000 932 1000 1000 1000
1000 931 1000 1000 1000
1000 930 1000 1000 1000
1000 929 1000 1000 1000
1000 928 1000 1000 1000
1000 927 1000 1000 1000
1000 926 1000 1000 1000
1000 925 1000 1000 1000
1000 924 1000 1000 1000
1000 923 1000 1000 1000
1000 922 1000 1000 1000
1000 921 1000 1000 1000
1000 920 1000 1000 1000
1000 919 1000 1000 1000
1000 918 1000 1000 1000
1000 917 1000 1000 1000
1000 916 1000 1000 1000
1000 915 1000 1000 1000
1000 914 1000 1000 1000
1000 913 1000 1000 1000
1000 912 1000 1000 1000
1000 911 1000 1000 1000
1000 910 1000 1000 1000
1000 909 1000 1000 1000
1000 908 1000 1000 1000
1000 907 1000 1000 1000
1000 906 1000 1000 1000
1000 905 1000 1000 1000
1000 904 1000 1000 1000
1000 903 1000 1000 1000
1000 902 1000 1000 1000
1000 901 1000 1000 1000
1000 900 1000 1000 1000
1000 899 1000 1000 1000
1000 898 1000 1000 1000
1000 897 1000 1000 1000
1000 896 1000 1000 1000
1000 895 1000 1000 1000
1000 894 1000 1000 1000
1000 893 1000 1000 1000
1000 892 1000 1000 1000
1000 891 1000 1000 1000
1000 890 1000 1000 1000
1000 889 1000 1000 1000
1000 888 1000 1000 1000
1000 887 1000 1000 1000
1000 886 1000 1000 1000
1000 885 1000 1000 1000
1000 884 1000 1000 1000
1000 883 1000 1000 1000
1000 882 1000 1000 1000
1000 881 1000 1000 1000
1000 880 1000 1000 1000
1000 879 1000 1000 1000
1000 878 1000 1000 1000
1000 877 1000 1000 1000
1000 876 1000 1000 1000
1000 875 1000 1000 1000
1000 874 1000 1000 1000
1000 873 1000 1000 1000
1000 872 1000 1000 1000
1000 871 1000 1000 1000
1000 870 1000 1000 1000
1000 869 1000 1000 1000
1000 868 1000 1000 1000
1000 867 1000 1000 1000
1000 866 1000 1000 1000
1000 865 1000 1000 1000
1000 864 1000 1000 1000
1000 863 1000 1000 1000
1000 862 1000 1000 1000
1000 861 1000 1000 1000
1000 860 1000 1000 1000
1000 859 1000 1000 1000
1000 858 1000 1000 1000
1000 857 1000 1000 1000
1000 856 1000 1000 1000
1000 855 1000 1000 1000
1000 854 1000 1000 1000
1000 853 1000 1000 1000
1000 852 1000 1000 1000
1000 851 1000 1000 1000
1000 850 1000 1000 1000
1000 849 1000 1000 1000
1000 848 1000 1000 1000
1000 847 1000 1000 1000
1000 846 1000 1000 1000
1000 845 1000 1000 1000
1000 844 1000 1000 1000
1000 843 1000 1000 1000
1000 842 1000 1000 1000
1000 841 1000 1000 1000
1000 840 1000 1000 1000
1000 839 1000 1000 1000
1000 838 1000 1000 1000
1000 837 1000 1000 1000
1000 836 1000 1000 1000
1000 835 1000 1000 1000
1000 834 1000 1000 1000
1000 833 1000 1000 1000
1000 832 1000 1000 1000
1000 831 1000 1000 1000
1000 830 1000 1000 1000
1000 829 1000 1000 1000
1000 828 1000 1000 1000
1000 827 1000 1000 1000
1000 826 1000 1000 1000
1000 825 1000 1000 1000
1000 824 1000 1000 1000
1000 823 1000 1000 1000
1000 822 1000 1000 1000
1000 821 1000 1000 1000
1000 820 1000 1000 1000
1000 819 1000 1000 1000
1000 818 1000 1000 1000
1000 817 1000 1000 1000
1000 816 1000 1000 1000
1000 815 1000 1000 1000
1000 814 1000 1000 1000
1000 813 1000 1000 1000
1000 812 1000 1000 1000
1000 811 1000 1000 1000
1000 810 1000 1000 1000
1000 809 1000 1000 1000
1000 808 1000 1000 1000
1000 807 1000 1000 1000
1000 806 1000 1000 1000
1000 805 1000 1000 1000
1000 804 1000 1000 1000
1000 803 1000 1000 1000
1000 802 1000 1000 1000
1000 801 1000 1000 1000
1000 800 1000 1000 1000
1000 799 1000 1000 1000
1000 798 1000 1000 1000
1000 797 1000 1000 1000
1000 796 1000 1000 1000
1000 795 1000 1000 1000
1000 794 1000 1000 1000
1000 793 1000 1000 1000
1000 792 1000 1000 1000
1000 791 1000 1000 1000
1000 790 1000 1000 1000
1000 789 1000 1000 1000
1000 788 1000 1000 1000
1000 787 1000 1000 1000
1000 786 1000 1000 1000
1000 785 1000 1000 1000
1000 784 1000 1000 1000
1000 783 1000 1000 1000
1000 782 1000 1000 1000
1000 781 1000 1000 1000
1000 780 1000 1000 1000
1000 779 1000 1000 1000
1000 778 1000 1000 1000
1000 777 1000 1000 1000
1000 776 1000 1000 1000
1000 775 1000 1000 1000
1000 774 1000 1000 1000
1000 773 1000 1000 1000
1000 772 1000 1000 1000
1000 771 1000 1000 1000
1000 770 1000 1000 1000
1000 769 1000 1000 1000
1000 768 1000 1000 1000
1000 767 1000 1000 1000
1000 766 1000 1000 1000
1000 765 1000 1000 1000
1000 764 1000 1000 1000
1000 763 1000 1000 1000
1000 762 1000 1000 1000
1000 761 1000 1000 1000
1000 760 1000 1000 1000
1000 759 1000 1000 1000
1000 758 1000 1000 1000
1000 757 1000 1000 1000
1000 756 1000 1000 1000
1000 755 1000 1000 1000
1000 754 1000 1000 1000
1000 753 1000 1000 1000
1000 752 1000 1000 1000
1000 751 1000 1000 1000
1000 750 1000 1000 1000
1000 749 1000 1000 1000
1000 748 1000 1000 1000
1000 747 1000 1000 1000
1000 746 1000 1000 1000
1000 745 1000 1000 1000
1000 744 1000 1000 1000
1000 743 1000 1000 1000
1000 742 1000 1000 1000
1000 741 1000 1000 1000
1000 740 1000 1000 1000
1000 739 1000 1000 1000
1000 738 1000 1000 1000
1000 737 1000 1000 1000
1000 736 1000 1000 1000
1000 735 1000 1000 1000
1000 734 1000 1000 1000
1000 733 1000 1000 1000
1000 732 1000 1000 1000
1000 731 1000 1000 1000
1000 730 1000 1000 1000
1000 729 1000 1000 1000
1000 728 1000 1000 1000
1000 727 1000 1000 1000
1000 726 1000 1000 1000
1000 725 1000 1000 1000
1000 724 1000 1000 1000
1000 723 1000 1000 1000
1000 722 1000 1000 1000
1000 721 1000 1000 1000
1000 720 1000 1000 1000
1000 719 1000 1000 1000
1000 718 1000 1000 1000
1000 717 1000 1000 1000
1000 716 1000 1000 1000
1000 715 1000 1000 1000
1000 714 1000 1000 1000
1000 713 1000 1000 1000
1000 712 1000 1000 1000
1000 711 1000 1000 1000
1000 710 1000 1000 1000
1000 709 1000 1000 1000
1000 708 1000 1000 1000
1000 707 1000 1000 1000
1000 706 1000 1000 1000
1000 705 1000 1000 1000
1000 704 1000 1000 1000
1000 703 1000 1000 1000
1000 702 1000 1000 1000
1000 701 1000 1000 1000
1000 700 1000 1000 1000
1000 699 1000 1000 1000
1000 698 1000 1000 1000
1000 697 1000 1000 1000
1000 696 1000 1000 1000
1000 695 1000 1000 1000
1000 694 1000 1000 1000
1000 693 1000 1000 1000
1000 692 1000 1000 1000
1000 691 1000 1000 1000
1000 690 1000 1000 1000
1000 689 1000 1000 1000
1000 688 1000 1000 1000
1000 687 1000 1000 1000
1000 686 1000 1000 1000
1000 685 1000 1000 1000
1000 684 1000 1000 1000
1000 683 1000 1000 1000
1000 682 1000 1000 1000
1000 681 1000 1000 1000
1000 680 1000 1000 1000
1000 679 1000 1000 1000
1000 678 1000 1000 1000
1000 677 1000 1000 1000
1000 676 1000 1000 1000
1000 675 1000 1000 1000
1000 674 1000 1000 1000
1000 673 1000 1000 1000
1000 672 1000 1000 1000
1000 671 1000 1000 1000
1000 670 1000 1000 1000
1000 669 1000 1000 1000
1000 668 1000 1000 1000
1000 667 1000 1000 1000
1000 666 1000 1000 1000
1000 665 1000 1000 1000
1000 664 1000 1000 1000
1000 663 1000 1000 1000
1000 662 1000 1000 1000
1000 661 1000 1000 1000
1000 660 1000 1000 1000
1000 659 1000 1000 1000
1000 658 1000 1000 1000
1000 657 1000 1000 1000
1000 656 1000 1000 1000
1000 655 1000 1000 1000
1000 654 1000 1000 1000
1000 653 1000 1000 1000
1000 652 1000 1000 1000
1000 651 1000 1000 1000
1000 650 1000 1000 1000
1000 649 1000 1000 1000
1000 648 1000 1000 1000
1000 647 1000 1000 1000
1000 646 1000 1000 1000
1000 645 1000 1000 1000
1000 644 1000 1000 1000
1000 643 1000 1000 1000
1000 642 1000 1000 1000
1000 641 1000 1000 1000
1000 640 1000 1000 1000
1000 639 1000 1000 1000
1000 638 1000 1000 1000
1000 637 1000 1000 1000
1000 636 1000 1000 1000
1000 635 1000 1000 1000
1000 634 1000 1000 1000
1000 633 1000 1000 1000
1000 632 1000 1000 1000
1000 631 1000 1000 1000
1000 630 1000 1000 1000
1000 629 1000 1000 1000
1000 628 1000 1000 1000
1000 627 1000 1000 1000
1000 626 1000 1000 1000
1000 625 1000 1000 1000
1000 624 1000 1000 1000
1000 623 1000 1000 1000
1000 622 1000 1000 1000
1000 621 1000 1000 1000
1000 620 1000 1000 1000
1000 619 1000 1000 1000
1000 618 1000 1000 1000
1000 617 1000 1000 1000
1000 616 1000 1000 1000
1000 615 1000 1000 1000
1000 614 1000 1000 1000
1000 613 1000 1000 1000
1000 612 1000 1000 1000
1000 611 1000 1000 1000
1000 610 1000 1000 1000
1000 609 1000 1000 1000
1000 608 1000 1000 1000
1000 607 1000 1000 1000
1000 606 1000 1000 1000
1000 605 1000 1000 1000
1000 604 1000 1000 1000
1000 603 1000 1000 1000
1000 602 1000 1000 1000
1000 601 1000 1000 1000
1000 600 1000 1000 1000
1000 599 1000 1000 1000
1000 598 1000 1000 1000
1000 597 1000 1000 1000
1000 596 1000 1000 1000
1000 595 1000 1000 1000
1000 594 1000 1000 1000
1000 593 1000 1000 1000
1000 592 1000 1000 1000
1000 591 1000 1000 1000
1000 590 1000 1000 1000
1000 589 1000 1000 1000
1000 588 1000 1000 1000
1000 587 1000 1000 1000
1000 586 1000 1000 1000
1000 585 1000 1000 1000
1000 584 1000 1000 1000
1000 583 1000 1000 1000
1000 582 1000 1000 1000
1000 581 1000 1000 1000
1000 580 1000 1000 1000
1000 579 1000 1000 1000
1000 578 1000 1000 1000
1000 577 1000 1000 1000
1000 576 1000 1000 1000
1000 575 1000 1000 1000
1000 574 1000 1000 1000
1000 573 1000 1000 1000
1000 572 1000 1000 1000
1000 571 1000 1000 1000
1000 570 1000 1000 1000
1000 569 1000 1000 1000
1000 568 1000 1000 1000
1000 567 1000 1000 1000
1000 566 1000 1000 1000
1000 565 1000 1000 1000
1000 564 1000 1000 1000
1000 563 1000 1000 1000
1000 562 1000 1000 1000
1000 561 1000 1000 1000
1000 560 1000 1000 1000
1000 559 1000 1000 1000
1000 558 1000 1000 1000
1000 557 1000 1000 1000
1000 556 1000 1000 1000
1000 555 1000 1000 1000
1000 554 1000 1000 1000
1000 553 1000 1000 1000
1000 552 1000 1000 1000
1000 551 1000 1000 1000
1000 550 1000 1000 1000
1000 549 1000 1000 1000
1000 548 1000 1000 1000
1000 547 1000 1000 1000
1000 546 1000 1000 1000
1000 545 1000 1000 1000
1000 544 1000 1000 1000
1000 543 1000 1000 1000
1000 542 1000 1000 1000
1000 541 1000 1000 1000
1000 540 1000 1000 1000
1000 539 1000 1000 1000
1000 538 1000 1000 1000
1000 537 1000 1000 1000
1000 536 1000 1000 1000
1000 535 1000 1000 1000
1000 534 1000 1000 1000
1000 533 1000 1000 1000
1000 532 1000 1000 1000
1000 531 1000 1000 1000
1000 530 1000 1000 1000
1000 529 1000 1000 1000
1000 528 1000 1000 1000
1000 527 1000 1000 1000
1000 526 1000 1000 1000
1000 525 1000 1000 1000
1000 524 1000 1000 1000
1000 523 1000 1000 1000
1000 522 1000 1000 1000
1000 521 1000 1000 1000
1000 520 1000 1000 1000
1000 519 1000 1000 1000
1000 518 1000 1000 1000
1000 517 1000 1000 1000
1000 516 1000 1000 1000
1000 515 1000 1000 1000
1000 514 1000 1000 1000
1000 513 1000 1000 1000
1000 512 1000 1000 1000
1000 511 1000 1000 1000
1000 510 1000 1000 1000
1000 509 1000 1000 1000
1000 508 1000 1000 1000
1000 507 1000 1000 1000
1000 506 1000 1000 1000
1000 505 1000 1000 1000
1000 504 1000 1000 1000
1000 503 1000 1000 1000
1000 502 1000 1000 1000
1000 501 1000 1000 1000
1000 500 1000 1000 1000
1000 499 1000 1000 1000
1000 498 1000 1000 1000
1000 497 1000 1000 1000
1000 496 1000 1000 1000
1000 495 1000 1000 1000
1000 494 1000 1000 1000
1000 493 1000 1000 1000
1000 492 1000 1000 1000
1000 491 1000 1000 1000
1000 490 1000 1000 1000
1000 489 1000 1000 1000
1000 488 1000 1000 1000
1000 487 1000 1000 1000
1000 486 1000 1000 1000
1000 485 1000 1000 1000
1000 484 1000 1000 1000
1000 483 1000 1000 1000
1000 482 1000 1000 1000
1000 481 1000 1000 1000
1000 480 1000 1000 1000
1000 479 1000 1000 1000
1000 478 1000 1000 1000
1000 477 1000 1000 1000
1000 476 1000 1000 1000
1000 475 1000 1000 1000
1000 474 1000 1000 1000
1000 473 1000 1000 1000
1000 472 1000 1000 1000
1000 471 1000 1000 1000
1000 470 1000 1000 1000
1000 469 1000 1000 1000
1000 468 1000 1000 1000
1000 467 1000 1000 1000
1000 466 1000 1000 1000
1000 465 1000 1000 1000
1000 464 1000 1000 1000
1000 463 1000 1000 1000
1000 462 1000 1000 1000
1000 461 1000 1000 1000
1000 460 1000 1000 1000
1000 459 1000 1000 1000
1000 458 1000 1000 1000
1000 457 1000 1000 1000
1000 456 1000 1000 1000
1000 455 1000 1000 1000
1000 454 1000 1000 1000
1000 453 1000 1000 1000
1000 452 1000 1000 1000
1000 451 1000 1000 1000
1000 450 1000 1000 1000
1000 449 1000 1000 1000
1000 448 1000 1000 1000
1000 447 1000 1000 1000
1000 446 1000 1000 1000
1000 445 1000 1000 1000
1000 444 1000 1000 1000
1000 443 1000 1000 1000
1000 442 1000 1000 1000
1000 441 1000 1000 1000
1000 440 1000 1000 1000
1000 439 1000 1000 1000
1000 438 1000 1000 1000
1000 437 1000 1000 1000
1000 436 1000 1000 1000
1000 435 1000 1000 1000
1000 434 1000 1000 1000
1000 433 1000 1000 1000
1000 432 1000 1000 1000
1000 431 1000 1000 1000
1000 430 1000 1000 1000
1000 429 1000 1000 1000
1000 428 1000 1000 1000
1000 427 1000 1000 1000
1000 426 1000 1000 1000
1000 425 1000 1000 1000
1000 424 1000 1000 1000
1000 423 1000 1000 1000
1000 422 1000 1000 1000
1000 421 1000 1000 1000
1000 420 1000 1000 1000
1000 419 1000 1000 1000
1000 418 1000 1000 1000
1000 417 1000 1000 1000
1000 416 1000 1000 1000
1000 415 1000 1000 1000
1000 414 1000 1000 1000
1000 413 1000 1000 1000
1000 412 1000 1000 1000
1000 411 1000 1000 1000
1000 410 1000 1000 1000
1000 409 1000 1000 1000
1000 408 1000 1000 1000
1000 407 1000 1000 1000
1000 406 1000 1000 1000
1000 405 1000 1000 1000
1000 404 1000 1000 1000
1000 403 1000 1000 1000
1000 402 1000 1000 1000
1000 401 1000 1000 1000
1000 400 1000 1000 1000
1000 399 1000 1000 1000
1000 398 1000 1000 1000
1000 397 1000 1000 1000
1000 396 1000 1000 1000
1000 395 1000 1000 1000
1000 394 1000 1000 1000
1000 393 1000 1000 1000
1000 392 1000 1000 1000
1000 391 1000 1000 1000
1000 390 1000 1000 1000
1000 389 1000 1000 1000
1000 388 1000 1000 1000
1000 387 1000 1000 1000
1000 386 1000 1000 1000
1000 385 1000 1000 1000
1000 384 1000 1000 1000
1000 383 1000 1000 1000
1000 382 1000 1000 1000
1000 381 1000 1000 1000
1000 380 1000 1000 1000
1000 379 1000 1000 1000
1000 378 1000 1000 1000
1000 377 1000 1000 1000
1000 376 1000 1000 1000
1000 375 1000 1000 1000
1000 374 1000 1000 1000
1000 373 1000 1000 1000
1000 372 1000 1000 1000
1000 371 1000 1000 1000
1000 370 1000 1000 1000
1000 369 1000 1000 1000
1000 368 1000 1000 1000
1000 367 1000 1000 1000
1000 366 1000 1000 1000
1000 365 1000 1000 1000
1000 364 1000 1000 1000
1000 363 1000 1000 1000
1000 362 1000 1000 1000
1000 361 1000 1000 1000
1000 360 1000 1000 1000
1000 359 1000 1000 1000
1000 358 1000 1000 1000
1000 357 1000 1000 1000
1000 356 1000 1000 1000
1000 355 1000 1000 1000
1000 354 1000 1000 1000
1000 353 1000 1000 1000
1000 352 1000 1000 1000
1000 351 1000 1000 1000
1000 350 1000 1000 1000
1000 349 1000 1000 1000
1000 348 1000 1000 1000
1000 347 1000 1000 1000
1000 346 1000 1000 1000
1000 345 1000 1000 1000
1000 344 1000 1000 1000
1000 343 1000 1000 1000
1000 342 1000 1000 1000
1000 341 1000 1000 1000
1000 340 1000 1000 1000
1000 339 1000 1000 1000
1000 338 1000 1000 1000
1000 337 1000 1000 1000
1000 336 1000 1000 1000
1000 335 1000 1000 1000
1000 334 1000 1000 1000
1000 333 1000 1000 1000
1000 332 1000 1000 1000
1000 331 1000 1000 1000
1000 330 1000 1000 1000
1000 329 1000 1000 1000
1000 328 1000 1000 1000
1000 327 1000 1000 1000
1000 326 1000 1000 1000
1000 325 1000 1000 1000
1000 324 1000 1000 1000
1000 323 1000 1000 1000
1000 322 1000 1000 1000
1000 321 1000 1000 1000
1000 320 1000 1000 1000
1000 319 1000 1000 1000
1000 318 1000 1000 1000
1000 317 1000 1000 1000
1000 316 1000 1000 1000
1000 315 1000 1000 1000
1000 314 1000 1000 1000
1000 313 1000 1000 1000
1000 312 1000 1000 1000
1000 311 1000 1000 1000
1000 310 1000 1000 1000
1000 309 1000 1000 1000
1000 308 1000 1000 1000
1000 307 1000 1000 1000
1000 306 1000 1000 1000
1000 305 1000 1000 1000
1000 304 1000 1000 1000
1000 303 1000 1000 1000
1000 302 1000 1000 1000
1000 301 1000 1000 1000
1000 300 1000 1000 1000
1000 299 1000 1000 1000
1000 298 1000 1000 1000
1000 297 1000 1000 1000
1000 296 1000 1000 1000
1000 295 1000 1000 1000
1000 294 1000 1000 1000
1000 293 1000 1000 1000
1000 292 1000 1000 1000
1000 291 1000 1000 1000
1000 290 1000 1000 1000
1000 289 1000 1000 1000
1000 288 1000 1000 1000
1000 287 1000 1000 1000
1000 286 1000 1000 1000
1000 285 1000 1000 1000
1000 284 1000 1000 1000
1000 283 1000 1000 1000
1000 282 1000 1000 1000
1000 281 1000 1000 1000
1000 280 1000 1000 1000
1000 279 1000 1000 1000
1000 278 1000 1000 1000
1000 277 1000 1000 1000
1000 276 1000 1000 1000
1000 275 1000 1000 1000
1000 274 1000 1000 1000
1000 273 1000 1000 1000
1000 272 1000 1000 1000
1000 271 1000 1000 1000
1000 270 1000 1000 1000
1000 269 1000 1000 1000
1000 268 1000 1000 1000
1000 267 1000 1000 1000
1000 266 1000 1000 1000
1000 265 1000 1000 1000
1000 264 1000 1000 1000
1000 263 1000 1000 1000
1000 262 1000 1000 1000
1000 261 1000 1000 1000
1000 260 1000 1000 1000
1000 259 1000 1000 1000
1000 258 1000 1000 1000
1000 257 1000 1000 1000
1000 256 1000 1000 1000
1000 255 1000 1000 1000
1000 254 1000 1000 1000
1000 253 1000 1000 1000
1000 252 1000 1000 1000
1000 251 1000 1000 1000
1000 250 1000 1000 1000
1000 249 1000 1000 1000
1000 248 1000 1000 1000
1000 247 1000 1000 1000
1000 246 1000 1000 1000
1000 245 1000 1000 1000
1000 244 1000 1000 1000
1000 243 1000 1000 1000
1000 242 1000 1000 1000
1000 241 1000 1000 1000
1000 240 1000 1000 1000
1000 239 1000 1000 1000
1000 238 1000 1000 1000
1000 237 1000 1000 1000
1000 236 1000 1000 1000
1000 235 1000 1000 1000
1000 234 1000 1000 1000
1000 233 1000 1000 1000
1000 232 1000 1000 1000
1000 231 1000 1000 1000
1000 230 1000 1000 1000
1000 229 1000 1000 1000
1000 228 1000 1000 1000
1000 227 1000 1000 1000
1000 226 1000 1000 1000
1000 225 1000 1000 1000
1000 224 1000 1000 1000
1000 223 1000 1000 1000
1000 222 1000 1000 1000
1000 221 1000 1000 1000
1000 220 1000 1000 1000
1000 219 1000 1000 1000
1000 218 1000 1000 1000
1000 217 1000 1000 1000
1000 216 1000 1000 1000
1000 215 1000 1000 1000
1000 214 1000 1000 1000
1000 213 1000 1000 1000
1000 212 1000 1000 1000
1000 211 1000 1000 1000
1000 210 1000 1000 1000
1000 209 1000 1000 1000
1000 208 1000 1000 1000
1000 207 1000 1000 1000
1000 206 1000 1000 1000
1000 205 1000 1000 1000
1000 204 1000 1000 1000
1000 203 1000 1000 1000
1000 202 1000 1000 1000
1000 201 1000 1000 1000
1000 200 1000 1000 1000
1000 199 1000 1000 1000
1000 198 1000 1000 1000
1000 197 1000 1000 1000
1000 196 1000 1000 1000
1000 195 1000 1000 1000
1000 194 1000 1000 1000
1000 193 1000 1000 1000
1000 192 1000 1000 1000
1000 191 1000 1000 1000
1000 190 1000 1000 1000
1000 189 1000 1000 1000
1000 188 1000 1000 1000
1000 187 1000 1000 1000
1000 186 1000 1000 1000
1000 185 1000 1000 1000
1000 184 1000 1000 1000
1000 183 1000 1000 1000
1000 182 1000 1000 1000
1000 181 1000 1000 1000
1000 180 1000 1000 1000
1000 179 1000 1000 1000
1000 178 1000 1000 1000
1000 177 1000 1000 1000
1000 176 1000 1000 1000
1000 175 1000 1000 1000
1000 174 1000 1000 1000
1000 173 1000 1000 1000
1000 172 1000 1000 1000
1000 171 1000 1000 1000
1000 170 1000 1000 1000
1000 169 1000 1000 1000
1000 168 1000 1000 1000
1000 167 1000 1000 1000
1000 166 1000 1000 1000
1000 165 1000 1000 1000
1000 164 1000 1000 1000
1000 163 1000 1000 1000
1000 162 1000 1000 1000
1000 161 1000 1000 1000
1000 160 1000 1000 1000
1000 159 1000 1000 1000
1000 158 1000 1000 1000
1000 157 1000 1000 1000
1000 156 1000 1000 1000
1000 155 1000 1000 1000
1000 154 1000 1000 1000
1000 153 1000 1000 1000
1000 152 1000 1000 1000
1000 151 1000 1000 1000
1000 150 1000 1000 1000
1000 149 1000 1000 1000
1000 148 1000 1000 1000
1000 147 1000 1000 1000
1000 146 1000 1000 1000
1000 145 1000 1000 1000
1000 144 1000 1000 1000
1000 143 1000 1000 1000
1000 142 1000 1000 1000
1000 141 1000 1000 1000
1000 140 1000 1000 1000
1000 139 1000 1000 1000
1000 138 1000 1000 1000
1000 137 1000 1000 1000
1000 136 1000 1000 1000
1000 135 1000 1000 1000
1000 134 1000 1000 1000
1000 133 1000 1000 1000
1000 132 1000 1000 1000
1000 131 1000 1000 1000
1000 130 1000 1000 1000
1000 129 1000 1000 1000
1000 128 1000 1000 1000
1000 127 1000 1000 1000
1000 126 1000 1000 1000
1000 125 1000 1000 1000
1000 124 1000 1000 1000
1000 123 1000 1000 1000
1000 122 1000 1000 1000
1000 121 1000 1000 1000
1000 120 1000 1000 1000
1000 119 1000 1000 1000
1000 118 1000 1000 1000
1000 117 1000 1000 1000
1000 116 1000 1000 1000
1000 115 1000 1000 1000
1000 114 1000 1000 1000
1000 113 1000 1000 1000
1000 112 1000 1000 1000
1000 111 1000 1000 1000
1000 110 1000 1000 1000
1000 109 1000 1000 1000
1000 108 1000 1000 1000
1000 107 1000 1000 1000
1000 106 1000 1000 1000
1000 105 1000 1000 1000
1000 104 1000 1000 1000
1000 103 1000 1000 1000
1000 102 1000 1000 1000
1000 101 1000 1000 1000
1000 100 1000 1000 1000
1000 99 1000 1000 1000
1000 98 1000 1000 1000
1000 97 1000 1000 1000
1000 96 1000 1000 1000
1000 95 1000 1000 1000
1000 94 1000 1000 1000
1000 93 1000 1000 1000
1000 92 1000 1000 1000
1000 91 1000 1000 1000
1000 90 1000 1000 1000
1000 89 1000 1000 1000
1000 88 1000 1000 1000
1000 87 1000 1000 1000
1000 86 1000 1000 1000
1000 85 1000 1000 1000
1000 84 1000 1000 1000
1000 83 1000 1000 1000
1000 82 1000 1000 1000
1000 81 1000 1000 1000
1000 80 1000 1000 1000
1000 79 1000 1000 1000
1000 78 1000 1000 1000
1000 77 1000 1000 1000
1000 76 1000 1000 1000
1000 75 1000 1000 1000
1000 74 1000 1000 1000
1000 73 1000 1000 1000
1000 72 1000 1000 1000
1000 71 1000 1000 1000
1000 70 1000 1000 1000
1000 69 1000 1000 1000
1000 68 1000 1000 1000
1000 67 1000 1000 1000
1000 66 1000 1000 1000
1000 65 1000 1000 1000
1000 64 1000 1000 1000
1000 63 1000 1000 1000
1000 62 1000 1000 1000
1000 61 1000 1000 1000
1000 60 1000 1000 1000
1000 59 1000 1000 1000
1000 58 1000 1000 1000
1000 57 1000 1000 1000
1000 56 1000 1000 1000
1000 55 1000 1000 1000
1000 54 1000 1000 1000
1000 53 1000 1000 1000
1000 52 1000 1000 1000
1000 51 1000 1000 1000
1000 50 1000 1000 1000
1000 49 1000 1000 1000
1000 48 1000 1000 1000
1000 47 1000 1000 1000
1000 46 1000 1000 1000
1000 45 1000 1000 1000
1000 44 1000 1000 1000
1000 43 1000 1000 1000
1000 42 1000 1000 1000
1000 41 1000 1000 1000
1000 40 1000 1000 1000
1000 39 1000 1000 1000
1000 38 1000 1000 1000
1000 37 1000 1000 1000
1000 36 1000 1000 1000
1000 35 1000 1000 1000
1000 34 1000 1000 1000
1000 33 1000 1000 1000
1000 32 1000 1000 1000
1000 31 1000 1000 1000
1000 30 1000 1000 1000
1000 29 1000 1000 1000
1000 28 1000 1000 1000
1000 27 1000 1000 1000
1000 26 1000 1000 1000
1000 25 1000 1000 1000
1000 24 1000 1000 1000
1000 23 1000 1000 1000
1000 22 1000 1000 1000
1000 21 1000 1000 1000
1000 20 1000 1000 1000
1000 19 1000 1000 1000
1000 18 1000 1000 1000
1000 17 1000 1000 1000
1000 16 1000 1000 1000
1000 15 1000 1000 1000
1000 14 1000 1000 1000
1000 13 1000 1000 1000
1000 12 1000 1000 1000
1000 11 1000 1000 1000
1000 10 1000 1000 1000
1000 9 1000 1000 1000
1000 8 1000 1000 1000
1000 7 1000 1000 1000
1000 6 1000 1000 1000
1000 5 1000 1000 1000
1000 4 1000 1000 1000
1000 3 1000 1000 1000
1000 2 1000 1000 1000
1000 1 1000 1000 1000
1000 0 1000 1000 1000
1000 1000 1000 1000 1000
1000 1000 1000 1000 1000
1000 1000 1000 1000 1000
1000 1000 1000 1000 1000
1000 1000 1000 1000 1000
1000 1000 1000 1000 1000
1000 1000 1000 1000 1000
1000 1000 1000 1000 1000
1000 1000 1000 1000 1000
1000 1000 1000 1000 1000
1000 1000 1000 1000 1000
1000 1000 1000 1000 1000
1000 1000 1000 1000 1000
1000 1000 1000 1000 1000
1000 1000 1000 1000 1000
1000 1000 1000 1000 1000
1000 1000 1000 1000 1000
1000 1000 1000 1000 1000
1000 1000 1000 1000 1000
1000 1000 1000 1000 1000
1000 1000 1000 1000 1000
1000 1000 1000 1000 1000
1000 1000 1000 1000 1000
1000 1000 1000 1000 1000
1000 1000 1000 1000 1000
1000 1000 1000 1000 1000
1000 1000 1000 1000 1000
1000 1000 1000 1000 1000
1000 1000 1000 1000 1000
1000 1000 1000 1000 1000
1000 1000 1000 1000 1000
1000 1000 1000 1000 1000
1000 1000 1000 1000 1000
1000 1000 1000 1000 1000
1000 1000 1000 1000 1000
1000 1000 1000 1000 1000
1000 1000 1000 1000 1000
1000 1000 1000 1000 1000
1000 1000 1000 1000 1000
1000 1000 1000 1000 1000
1000 1000 1000 1000 1000
1000 1000 1000 1000 1000
1000 1000 1000 1000 1000
1000 1000 1000 1000 1000
1000 1000 1000 1000 1000
1000 1000 1000 1000 1000
1000 1000 1000 1000 1000
1000 1000 1000 1000 1000
1000 1000 1000 1000 1000
1000 1000 1000 1000 1000
1000 1000 1000 1000 1000
1000 1000 1000 1000 1000
1000 1000 1000 1000 1000
1000 1000 1000 1000 1000
1000 1000 1000 1000 1000
1000 1000 1000 1000 1000
1000 1000 1000 1000 1000
1000 1000 1000 1000 1000
1000 1000 1000 1000 1000
1000 1000 1000 1000 1000
1000 1000 1000 1000 1000
1000 1000 1000 1000 1000
1000 1000 1000 1000 1000
1000 1000 1000 1000 1000
1000 1000 1000 1000 1000
1000 1000 1000 1000 1000
1000 1000 1000 1000 1000
1000 1000 1000 1000 1000
1000 1000 1000 1000 1000
1000 1000 1000 1000 1000
1000 1000 1000 1000 1000
1000 1000 1000 1000 1000
1000 1000 1000 1000 1000
1000 1000 1000 1000 1000
1000 1000 1000 1000 1000
1000 1000 1000 1000 1000
1000 1000 1000 1000 1000
1000 1000 1000 1000 1000
1000 1000 1000 1000 1000
1000 1000 1000 1000 1000
1000 1000 1000 1000 1000
1000 1000 1000 1000 1000
1000 1000 1000 1000 1000
1000 1000 1000 1000 1000
1000 1000 1000 1000 1000
1000 1000 1000 1000 1000
1000 1000 1000 1000 1000
1000 1000 1000 1000 1000
1000 1000 1000 1000 1000
1000 1000 1000 1000 1000
1000 1000 1000 1000 1000
1000 1000 1000 1000 1000
1000 1000 1000 1000 1000
1000 1000 1000 1000 1000
1000 1000 1000 1000 1000
1000 1000 1000 1000 1000
1000 1000 1000 1000 1000
1000 1000 1000 1000 1000
1000 1000 1000 1000 1000
1000 1000 1000 1000 1000
1000 1000 1000 1000 1000
1000 1000 1000 1000 1000
1000 1000 1000 1000 1000
1000 1000 1000 1000 1000
1000 1000 1000 1000 1000
1000 1000 1000 1000 1000
1000 1000 1000 1000 1000
1000 1000 1000 1000 1000
1000 1000 1000 1000 1000
1000 1000 1000 1000 1000
1000 1000 1000 1000 1000
1000 1000 1000 1000 1000
1000 1000 1000 1000 1000
1000 1000 1000 1000 1000
1000 1000 1000 1000 1000
1000 1000 1000 1000 1000
1000 1000 1000 1000 1000
1000 1000 1000 1000 1000
1000 1000 1000 1000 1000
1000 1000 1000 1000 1000
1000 1000 1000 1000 1000
1000 1000 1000 1000 1000
1000 1000 1000 1000 1000
1000 1000 1000 1000 1000
1000 1000 1000 1000 1000
1000 1000 1000 1000 1000
1000 1000 1000 1000 1000
1000 1000 1000 1000 1000
1000 1000 1000 1000 1000
1000 1000 1000 1000 1000
1000 1000 1000 1000 1000
1000 1000 1000 1000 1000
1000 1000 1000 1000 1000
1000 1000 1000 1000 1000
1000 1000 1000 1000 1000
1000 1000 1000 1000 1000
1000 1000 1000 1000 1000
1000 1000 1000 1000 1000
1000 1000 1000 1000 1000
1000 1000 1000 1000 1000
1000 1000 1000 1000 1000
1000 1000 1000 1000 1000
1000 1000 1000 1000 1000
1000 1000 1000 1000 1000
1000 1000 1000 1000 1000
1000 1000 1000 1000 1000
1000 1000 1000 1000 1000
1000 1000 1000 1000 1000
1000 1000 1000 1000 1000
1000 1000 1000 1000 1000
1000 1000 1000 1000 1000
1000 1000 1000 1000 1000
1000 1000 1000 1000 1000
1000 1000 1000 1000 1000
1000 1000 1000 1000 1000
1000 1000 1000 1000 1000
1000 1000 1000 1000 1000
1000 1000 1000 1000 1000
1000 1000 1000 1000 1000
1000 1000 1000 1000 1000
1000 1000 1000 1000 1000
1000 1000 1000 1000 1000
1000 1000 1000 1000 1000
1000 1000 1000 1000 1000
1000 1000 1000 1000 1000
1000 1000 1000 1000 1000
1000 1000 1000 1000 1000
1000 1000 1000 1000 1000
1000 1000 1000 1000 1000
1000 1000 1000 1000 1000
1000 1000 1000 1000 1000
1000 1000 1000 1000 1000
1000 1000 1000 1000 1000
1000 1000 1000 1000 1000
1000 1000 1000 1000 1000
1000 1000 1000 1000 1000
1000 1000 1000 1000 1000
1000 1000 1000 1000 1000
1000 1000 1000 1000 1000
1000 1000 1000 1000 1000
1000 1000 1000 1000 1000
1000 1000 1000 1000 1000
1000 1000 1000 1000 1000
1000 1000 1000 1000 1000
1000 1000 1000 1000 1000
1000 1000 1000 1000 1000
1000 1000 1000 1000 1000
1000 1000 1000 1000 1000
1000 1000 1000 1000 1000
1000 1000 1000 1000 1000
1000 1000 1000 1000 1000
1000 1000 1000 1000 1000
1000 1000 1000 1000 1000
1000 1000 1000 1000 1000
1000 1000 1000 1000 1000
1000 1000 1000 1000 1000
1000 1000 1000 1000 1000
1000 1000 1000 1000 1000
1000 1000 1000 1000 1000
1000 1000 1000 1000 1000
1000 1000 1000 1000 1000
1000 1000 1000 1000 1000
1000 1000 1000 1000 1000
1000 1000 1000 1000 1000
1000 1000 1000 1000 1000
1000 1000 1000 1000 1000
1000 1000 1000 1000 1000
1000 1000 1000 1000 1000
1000 1000 1000 1000 1000
1000 1000 1000 1000 1000
1000 1000 1000 1000 1000
1000 1000 1000 1000 1000
1000 1000 1000 1000 1000
1000 1000 1000 1000 1000
1000 1000 1000 1000 1000
1000 1000 1000 1000 1000
1000 1000 1000 1000 1000
1000 1000 1000 1000 1000
1000 1000 1000 1000 1000
1000 1000 1000 1000 1000
1000 1000 1000 1000 1000
1000 1000 1000 1000 1000
1000 1000 1000 1000 1000
1000 1000 1000 1000 1000
1000 1000 1000 1000 1000
1000 1000 1000 1000 1000
1000 1000 1000 1000 1000
1000 1000 1000 1000 1000
1000 1000 1000 1000 1000
1000 1000 1000 1000 1000
1000 1000 1000 1000 1000
1000 1000 1000 1000 1000
1000 1000 1000 1000 1000
1000 1000 1000 1000 1000
1000 1000 1000 1000 1000
1000 1000 1000 1000 1000
1000 1000 1000 1000 1000
1000 1000 1000 1000 1000
1000 1000 1000 1000 1000
1000 1000 1000 1000 1000
1000 1000 1000 1000 1000
1000 1000 1000 1000 1000
1000 1000 1000 1000 1000
1000 1000 1000 1000 1000
1000 1000 1000 1000 1000
1000 1000 1000 1000 1000
1000 1000 1000 1000 1000
1000 1000 1000 1000 1000
1000 1000 1000 1000 1000
1000 1000 1000 1000 1000
1000 1000 1000 1000 1000
1000 1000 1000 1000 1000
1000 1000 1000 1000 1000
1000 1000 1000 1000 1000
1000 1000 1000 1000 1000
1000 1000 1000 1000 1000
1000 1000 1000 1000 1000
1000 1000 1000 1000 1000
1000 1000 1000 1000 1000
1000 1000 1000 1000 1000
1000 1000 1000 1000 1000
1000 1000 1000 1000 1000
1000 1000 1000 1000 1000
1000 1000 1000 1000 1000
1000 1000 1000 1000 1000
1000 1000 1000 1000 1000
1000 1000 1000 1000 1000
1000 1000 1000 1000 1000
1000 1000 1000 1000 1000
1000 1000 1000 1000 1000
1000 1000 1000 1000 1000
1000 1000 1000 1000 1000
1000 1000 1000 1000 1000
1000 1000 1000 1000 1000
1000 1000 1000 1000 1000
1000 1000 1000 1000 1000
1000 1000 1000 1000 1000
1000 1000 1000 1000 1000
1000 1000 1000 1000 1000
1000 1000 1000 1000 1000
1000 1000 1000 1000 1000
1000 1000 1000 1000 1000
1000 1000 1000 1000 1000
1000 1000 1000 1000 1000
1000 1000 1000 1000 1000
1000 1000 1000 1000 1000
1000 1000 1000 1000 1000
1000 1000 1000 1000 1000
1000 1000 1000 1000 1000
1000 1000 1000 1000 1000
1000 1000 1000 1000 1000
1000 1000 1000 1000 1000
1000 1000 1000 1000 1000
1000 1000 1000 1000 1000
1000 1000 1000 1000 1000
1000 1000 1000 1000 1000
1000 1000 1000 1000 1000
1000 1000 1000 1000 1000
1000 1000 1000 1000 1000
1000 1000 1000 1000 1000
1000 1000 1000 1000 1000
1000 1000 1000 1000 1000
1000 1000 1000 1000 1000
1000 1000 1000 1000 1000
1000 1000 1000 1000 1000
1000 1000 1000 1000 1000
1000 1000 1000 1000 1000
1000 1000 1000 1000 1000
1000 1000 1000 1000 1000
1000 1000 1000 1000 1000
1000 1000 1000 1000 1000
1000 1000 1000 1000 1000
1000 1000 1000 1000 1000
1000 1000 1000 1000 1000
1000 1000 1000 1000 1000
1000 1000 1000 1000 1000
1000 1000 1000 1000 1000
1000 1000 1000 1000 1000
1000 1000 1000 1000 1000
1000 1000 1000 1000 1000
1000 1000 1000 1000 1000
1000 1000 1000 1000 1000
1000 1000 1000 1000 1000
1000 1000 1000 1000 1000
1000 1000 1000 1000 1000
1000 1000 1000 1000 1000
1000 1000 1000 1000 1000
1000 1000 1000 1000 1000
1000 1000 1000 1000 1000
1000 1000 1000 1000 1000
1000 1000 1000 1000 1000
1000 1000 1000 1000 1000
1000 1000 1000 1000 1000
1000 1000 1000 1000 1000
1000 1000 1000 1000 1000
1000 1000 1000 1000 1000
1000 1000 1000 1000 1000
1000 1000 1000 1000 1000
1000 1000 1000 1000 1000
1000 1000 1000 1000 1000
1000 1000 1000 1000 1000
1000 1000 1000 1000 1000
1000 1000 1000 1000 1000
1000 1000 1000 1000 1000
1000 1000 1000 1000 1000
1000 1000 1000 1000 1000
1000 1000 1000 1000 1000
1000 1000 1000 1000 1000
1000 1000 1000 1000 1000
1000 1000 1000 1000 1000
1000 1000 1000 1000 1000
1000 1000 1000 1000 1000
1000 1000 1000 1000 1000
1000 1000 1000 1000 1000
1000 1000 1000 1000 1000
1000 1000 1000 1000 1000
1000 1000 1000 1000 1000
1000 1000 1000 1000 1000
1000 1000 1000 1000 1000
1000 1000 1000 1000 1000
1000 1000 1000 1000 1000
1000 1000 1000 1000 1000
1000 1000 1000 1000 1000
1000 1000 1000 1000 1000
1000 1000 1000 1000 1000
1000 1000 1000 1000 1000
1000 1000 1000 1000 1000
1000 1000 1000 1000 1000
1000 1000 1000 1000 1000
1000 1000 1000 1000 1000
1000 1000 1000 1000 1000
1000 1000 1000 1000 1000
1000 1000 1000 1000 1000
1000 1000 1000 1000 1000
1000 1000 1000 1000 1000
1000 1000 1000 1000 1000
1000 1000 1000 1000 1000
1000 1000 1000 1000 1000
1000 1000 1000 1000 1000
1000 1000 1000 1000 1000
1000 1000 1000 1000 1000
1000 1000 1000 1000 1000
1000 1000 1000 1000 1000
1000 1000 1000 1000 1000
1000 1000 1000 1000 1000
1000 1000 1000 1000 1000
1000 1000 1000 1000 1000
1000 1000 1000 1000 1000
1000 1000 1000 1000 1000
1000 1000 1000 1000 1000
1000 1000 1000 1000 1000
1000 1000 1000 1000 1000
1000 1000 1000 1000 1000
1000 1000 1000 1000 1000
1000 1000 1000 1000 1000
1000 1000 1000 1000 1000
1000 1000 1000 1000 1000
1000 1000 1000 1000 1000
1000 1000 1000 1000 1000
1000 1000 1000 1000 1000
1000 1000 1000 1000 1000
1000 1000 1000 1000 1000
1000 1000 1000 1000 1000
1000 1000 1000 1000 1000
1000 1000 1000 1000 1000
1000 1000 1000 1000 1000
1000 1000 1000 1000 1000
1000 1000 1000 1000 1000
1000 1000 1000 1000 1000
1000 1000 1000 1000 1000
1000 1000 1000 1000 1000
1000 1000 1000 1000 1000
1000 1000 1000 1000 1000
1000 1000 1000 1000 1000
1000 1000 1000 1000 1000
1000 1000 1000 1000 1000
1000 1000 1000 1000 1000
1000 1000 1000 1000 1000
1000 1000 1000 1000 1000
1000 1000 1000 1000 1000
1000 1000 1000 1000 1000
1000 1000 1000 1000 1000
1000 1000 1000 1000 1000
1000 1000 1000 1000 1000
1000 1000 1000 1000 1000
1000 1000 1000 1000 1000
1000 1000 1000 1000 1000
1000 1000 1000 1000 1000
1000 1000 1000 1000 1000
1000 1000 1000 1000 1000
1000 1000 1000 1000 1000
1000 1000 1000 1000 1000
1000 1000 1000 1000 1000
1000 1000 1000 1000 1000
1000 1000 1000 1000 1000
1000 1000 1000 1000 1000
1000 1000 1000 1000 1000
1000 1000 1000 1000 1000
1000 1000 1000 1000 1000
1000 1000 1000 1000 1000
1000 1000 1000 1000 1000
1000 1000 1000 1000 1000
1000 1000 1000 1000 1000
1000 1000 1000 1000 1000
1000 1000 1000 1000 1000
1000 1000 1000 1000 1000
1000 1000 1000 1000 1000
1000 1000 1000 1000 1000
1000 1000 1000 1000 1000
1000 1000 1000 1000 1000
1000 1000 1000 1000 1000
1000 1000 1000 1000 1000
1000 1000 1000 1000 1000
1000 1000 1000 1000 1000
1000 1000 1000 1000 1000
1000 1000 1000 1000 1000
1000 1000 1000 1000 1000
1000 1000 1000 1000 1000
1000 1000 1000 1000 1000
1000 1000 1000 1000 1000
1000 1000 1000 1000 1000
1000 1000 1000 1000 1000
1000 1000 1000 1000 1000
1000 1000 1000 1000 1000
1000 1000 1000 1000 1000
1000 1000 1000 1000 1000
1000 1000 1000 1000 1000
1000 1000 1000 1000 1000
1000 1000 1000 1000 1000
1000 1000 1000 1000 1000
1000 1000 1000 1000 1000
1000 1000 1000 1000 1000
1000 1000 1000 1000 1000
1000 1000 1000 1000 1000
1000 1000 1000 1000 1000
1000 1000 1000 1000 1000
1000 1000 1000 1000 1000
1000 1000 1000 1000 1000
1000 1000 1000 1000 1000
1000 1000 1000 1000 1000
1000 1000 1000 1000 1000
1000 1000 1000 1000 1000
1000 1000 1000 1000 1000
1000 1000 1000 1000 1000
1000 1000 1000 1000 1000
1000 1000 1000 1000 1000
1000 1000 1000 1000 1000
1000 1000 1000 1000 1000
1000 1000 1000 1000 1000
1000 1000 1000 1000 1000
1000 1000 1000 1000 1000
1000 1000 1000 1000 1000
1000 1000 1000 1000 1000
1000 1000 1000 1000 1000
1000 1000 1000 1000 1000
1000 1000 1000 1000 1000
1000 1000 1000 1000 1000
1000 1000 1000 1000 1000
1000 1000 1000 1000 1000
1000 1000 1000 1000 1000
1000 1000 1000 1000 1000
1000 1000 1000 1000 1000
1000 1000 1000 1000 1000
1000 1000 1000 1000 1000
1000 1000 1000 1000 1000
1000 1000 1000 1000 1000
1000 1000 1000 1000 1000
1000 1000 1000 1000 1000
1000 1000 1000 1000 1000
1000 1000 1000 1000 1000
1000 1000 1000 1000 1000
1000 1000 1000 1000 1000
1000 1000 1000 1000 1000
1000 1000 1000 1000 1000
1000 1000 1000 1000 1000
1000 1000 1000 1000 1000
1000 1000 1000 1000 1000
1000 1000 1000 1000 1000
1000 1000 1000 1000 1000
1000 1000 1000 1000 1000
1000 1000 1000 1000 1000
1000 1000 1000 1000 1000
1000 1000 1000 1000 1000
1000 1000 1000 1000 1000
1000 1000 1000 1000 1000
1000 1000 1000 1000 1000
1000 1000 1000 1000 1000
1000 1000 1000 1000 1000
1000 1000 1000 1000 1000
1000 1000 1000 1000 1000
1000 1000 1000 1000 1000
1000 1000 1000 1000 1000
1000 1000 1000 1000 1000
1000 1000 1000 1000 1000
1000 1000 1000 1000 1000
1000 1000 1000 1000 1000
1000 1000 1000 1000 1000
1000 1000 1000 1000 1000
1000 1000 1000 1000 1000
1000 1000 1000 1000 1000
1000 1000 1000 1000 1000
1000 1000 1000 1000 1000
1000 1000 1000 1000 1000
1000 1000 1000 1000 1000
1000 1000 1000 1000 1000
1000 1000 1000 1000 1000
1000 1000 1000 1000 1000
1000 1000 1000 1000 1000
1000 1000 1000 1000 1000
1000 1000 1000 1000 1000
1000 1000 1000 1000 1000
1000 1000 1000 1000 1000
1000 1000 1000 1000 1000
1000 1000 1000 1000 1000
1000 1000 1000 1000 1000
1000 1000 1000 1000 1000
1000 1000 1000 1000 1000
1000 1000 1000 1000 1000
1000 1000 1000 1000 1000
1000 1000 1000 1000 1000
1000 1000 1000 1000 1000
1000 1000 1000 1000 1000
1000 1000 1000 1000 1000
1000 1000 1000 1000 1000
1000 1000 1000 1000 1000
1000 1000 1000 1000 1000
1000 1000 1000 1000 1000
1000 1000 1000 1000 1000
1000 1000 1000 1000 1000
1000 1000 1000 1000 1000
1000 1000 1000 1000 1000
1000 1000 1000 1000 1000
1000 1000 1000 1000 1000
1000 1000 1000 1000 1000
1000 1000 1000 1000 1000
1000 1000 1000 1000 1000
1000 1000 1000 1000 1000
1000 1000 1000 1000 1000
1000 1000 1000 1000 1000
1000 1000 1000 1000 1000
1000 1000 1000 1000 1000
1000 1000 1000 1000 1000
1000 1000 1000 1000 1000
1000 1000 1000 1000 1000
1000 1000 1000 1000 1000
1000 1000 1000 1000 1000
1000 1000 1000 1000 1000
1000 1000 1000 1000 1000
1000 1000 1000 1000 1000
1000 1000 1000 1000 1000
1000 1000 1000 1000 1000
1000 1000 1000 1000 1000
1000 1000 1000 1000 1000
1000 1000 1000 1000 1000
1000 1000 1000 1000 1000
1000 1000 1000 1000 1000
1000 1000 1000 1000 1000
1000 1000 1000 1000 1000
1000 1000 1000 1000 1000
1000 1000 1000 1000 1000
1000 1000 1000 1000 1000
1000 1000 1000 1000 1000
1000 1000 1000 1000 1000
1000 1000 1000 1000 1000
1000 1000 1000 1000 1000
1000 1000 1000 1000 1000
1000 1000 1000 1000 1000
1000 1000 1000 1000 1000
1000 1000 1000 1000 1000
1000 1000 1000 1000 1000
1000 1000 1000 1000 1000
1000 1000 1000 1000 1000
1000 1000 1000 1000 1000
1000 1000 1000 1000 1000
1000 1000 1000 1000 1000
1000 1000 1000 1000 1000
1000 1000 1000 1000 1000
1000 1000 1000 1000 1000
1000 1000 1000 1000 1000
1000 1000 1000 1000 1000
1000 1000 1000 1000 1000
1000 1000 1000 1000 1000
1000 1000 1000 1000 1000
1000 1000 1000 1000 1000
1000 1000 1000 1000 1000
1000 1000 1000 1000 1000
1000 1000 1000 1000 1000
1000 1000 1000 1000 1000
1000 1000 1000 1000 1000
1000 1000 1000 1000 1000
1000 1000 1000 1000 1000
1000 1000 1000 1000 1000
1000 1000 1000 1000 1000
1000 1000 1000 1000 1000
1000 1000 1000 1000 1000
1000 1000 1000 1000 1000
1000 1000 1000 1000 1000
1000 1000 1000 1000 1000
1000 1000 1000 1000 1000
1000 1000 1000 1000 1000
1000 1000 1000 1000 1000
1000 1000 1000 1000 1000
1000 1000 1000 1000 1000
1000 1000 1000 1000 1000
1000 1000 1000 1000 1000
1000 1000 1000 1000 1000
1000 1000 1000 1000 1000
1000 1000 1000 1000 1000
1000 1000 1000 1000 1000
1000 1000 1000 1000 1000
1000 1000 1000 1000 1000
1000 1000 1000 1000 1000
1000 1000 1000 1000 1000
1000 1000 1000 1000 1000
1000 1000 1000 1000 1000
1000 1000 1000 1000 1000
1000 1000 1000 1000 1000
1000 1000 1000 1000 1000
1000 1000 1000 1000 1000
1000 1000 1000 1000 1000
1000 1000 1000 1000 1000
1000 1000 1000 1000 1000
1000 1000 1000 1000 1000
1000 1000 1000 1000 1000
1000 1000 1000 1000 1000
1000 1000 1000 1000 1000
1000 1000 1000 1000 1000
1000 1000 1000 1000 1000
1000 1000 1000 1000 1000
1000 1000 1000 1000 1000
1000 1000 1000 1000 1000
1000 1000 1000 1000 1000
1000 1000 1000 1000 1000
1000 1000 1000 1000 1000
1000 1000 1000 1000 1000
1000 1000 1000 1000 1000
1000 1000 1000 1000 1000
1000 1000 1000 1000 1000
1000 1000 1000 1000 1000
1000 1000 1000 1000 1000
1000 1000 1000 1000 1000
1000 1000 1000 1000 1000
1000 1000 1000 1000 1000
1000 1000 1000 1000 1000
1000 1000 1000 1000 1000
1000 1000 1000 1000 1000
1000 1000 1000 1000 1000
1000 1000 1000 1000 1000
1000 1000 1000 1000 1000
1000 1000 1000 1000 1000
1000 1000 1000 1000 1000
1000 1000 1000 1000 1000
1000 1000 1000 1000 1000
1000 1000 1000 1000 1000
1000 1000 1000 1000 1000
1000 1000 1000 1000 1000
1000 1000 1000 1000 1000
1000 1000 1000 1000 1000
1000 1000 1000 1000 1000
1000 1000 1000 1000 1000
1000 1000 1000 1000 1000
1000 1000 1000 1000 1000
1000 1000 1000 1000 1000
1000 1000 1000 1000 1000
1000 1000 1000 1000 1000
1000 1000 1000 1000 1000
1000 1000 1000 1000 1000
1000 1000 1000 1000 1000
1000 1000 1000 1000 1000
1000 1000 1000 1000 1000
1000 1000 1000 1000 1000
1000 1000 1000 1000 1000
1000 1000 1000 1000 1000
1000 1000 1000 1000 1000
1000 1000 1000 1000 1000
1000 1000 1000 1000 1000
1000 1000 1000 1000 1000
1000 1000 1000 1000 1000
1000 1000 1000 1000 1000
1000 1000 1000 1000 1000
1000 1000 1000 1000 1000
1000 1000 1000 1000 1000
1000 1000 1000 1000 1000
1000 1000 1000 1000 1000
1000 1000 1000 1000 1000
1000 1000 1000 1000 1000
1000 1000 1000 1000 1000
1000 1000 1000 1000 1000
1000 1000 1000 1000 1000
1000 1000 1000 1000 1000
1000 1000 1000 1000 1000
1000 1000 1000 1000 1000
1000 1000 1000 1000 1000
1000 1000 1000 1000 1000
1000 1000 1000 1000 1000
1000 1000 1000 1000 1000
1000 1000 1000 1000 1000
1000 1000 1000 1000 1000
1000 1000 1000 1000 1000
1000 1000 1000 1000 1000
1000 1000 1000 1000 1000
1000 1000 1000 1000 1000
1000 1000 1000 1000 1000
1000 1000 1000 1000 1000
1000 1000 1000 1000 1000
1000 1000 1000 1000 1000
1000 1000 1000 1000 1000
1000 1000 1000 1000 1000
1000 1000 1000 1000 1000
1000 1000 1000 1000 1000
1000 1000 1000 1000 1000
1000 1000 1000 1000 1000
1000 1000 1000 1000 1000
1000 1000 1000 1000 1000
1000 1000 1000 1000 1000
1000 1000 1000 1000 1000
1000 1000 1000 1000 1000
1000 1000 1000 1000 1000
1000 1000 1000 1000 1000
1000 1000 1000 1000 1000
1000 1000 1000 1000 1000
1000 1000 1000 1000 1000
1000 1000 1000 1000 1000
1000 1000 1000 1000 1000
1000 1000 1000 1000 1000
1000 1000 1000 1000 1000
1000 1000 1000 1000 1000
1000 1000 1000 1000 1000
1000 1000 1000 1000 1000
1000 1000 1000 1000 1000
1000 1000 1000 1000 1000
1000 1000 1000 1000 1000
1000 1000 1000 1000 1000
1000 1000 1000 1000 1000
1000 1000 1000 1000 1000
1000 1000 1000 1000 1000
1000 1000 1000 1000 1000
1000 1000 1000 1000 1000
1000 1000 1000 1000 1000
1000 1000 1000 1000 1000
1000 1000 1000 1000 1000
1000 1000 1000 1000 1000
1000 1000 1000 1000 1000
1000 1000 1000 1000 1000
1000 1000 1000 1000 1000
1000 1000 1000 1000 1000
1000 1000 1000 1000 1000
1000 1000 1000 1000 1000
1000 1000 1000 1000 1000
1000 1000 1000 1000 1000
1000 1000 1000 1000 1000
1000 1000 1000 1000 1000
1000 1000 1000 1000 1000
1000 1000 1000 1000 1000
1000 1000 1000 1000 1000
1000 1000 1000 1000 1000
1000 1000 1000 1000 1000
1000 1000 1000 1000 1000
1000 1000 1000 1000 1000
1000 1000 1000 1000 1000
1000 1000 1000 1000 1000
1000 1000 1000 1000 1000
1000 1000 1000 1000 1000
1000 1000 1000 1000 1000
1000 1000 1000 1000 1000
1000 1000 1000 1000 1000
1000 1000 1000 1000 1000
1000 1000 1000 1000 1000
1000 1000 1000 1000 1000
1000 1000 1000 1000 1000
1000 1000 1000 1000 1000
1000 1000 1000 1000 1000
1000 1000 1000 1000 1000
1000 1000 1000 1000 1000
1000 1000 1000 1000 1000
1000 1000 1000 1000 1000
1000 1000 1000 1000 1000
1000 1000 1000 1000 1000
1000 1000 1000 1000 1000
1000 1000 1000 1000 1000
1000 1000 1000 1000 1000
1000 1000 1000 1000 1000
1000 1000 1000 1000 1000
1000 1000 1000 1000 1000
1000 1000 1000 1000 1000
1000 1000 1000 1000 1000
1000 1000 1000 1000 1000
1000 1000 1000 1000 1000
1000 1000 1000 1000 1000
1000 1000 1000 1000 1000
1000 1000 1000 1000 1000
1000 1000 1000 1000 1000
1000 1000 1000 1000 1000
1000 1000 1000 1000 1000
1000 1000 1000 1000 1000
1000 1000 1000 1000 1000
1000 1000 1000 1000 1000
1000 1000 1000 1000 1000
1000 1000 1000 1000 1000
1000 1000 1000 1000 1000
1000 1000 1000 1000 1000
1000 1000 1000 1000 1000
1000 1000 1000 1000 1000
1000 1000 1000 1000 1000
1000 1000 1000 1000 1000
1000 1000 1000 1000 1000
1000 1000 1000 1000 1000
1000 1000 1000 1000 1000
1000 1000 1000 1000 1000
1000 1000 1000 1000 1000
1000 1000 1000 1000 1000
1000 1000 1000 1000 1000
1000 1000 1000 1000 1000
1000 1000 1000 1000 1000
1000 1000 1000 1000 1000
1000 1000 1000 1000 1000
1000 1000 1000 1000 1000
1000 1000 1000 1000 1000
1000 1000 1000 1000 1000
1000 1000 1000 1000 1000
1000 1000 1000 1000 1000
1000 1000 1000 1000 1000
1000 1000 1000 1000 1000
1000 1000 1000 1000 1000
1000 1000 1000 1000 1000
1000 1000 1000 1000 1000
1000 1000 1000 1000 1000
1000 1000 1000 1000 1000
1000 1000 1000 1000 1000
1000 1000 1000 1000 1000
1000 1000 1000 1000 1000
1000 1000 1000 1000 1000
1000 1000 1000 1000 1000
1000 1000 1000 1000 1000
1000 1000 1000 1000 1000
1000 1000 1000 1000 1000
1000 1000 1000 1000 1000
1000 1000 1000 1000 1000
1000 1000 1000 1000 1000
1000 1000 1000 1000 1000
1000 1000 1000 1000 1000
1000 1000 1000 1000 1000
1000 1000 1000 1000 1000
1000 1000 1000 1000 1000
1000 1000 1000 1000 1000
1000 1000 1000 1000 1000
1000 1000 1000 1000 1000
1000 1000 1000 1000 1000
1000 1000 1000 1000 1000
1000 1000 1000 1000 1000
1000 1000 1000 1000 1000
1000 1000 1000 1000 1000
1000 1000 1000 1000 1000
1000 1000 1000 1000 1000
1000 1000 1000 1000 1000
1000 1000 1000 1000 1000
1000 1000 1000 1000 1000
1000 1000 1000 1000 1000
1000 1000 1000 1000 1000
1000 1000 1000 1000 1000
1000 1000 1000 1000 1000
1000 1000 1000 1000 1000
1000 1000 1000 1000 1000
1000 1000 1000 1000 1000
1000 1000 1000 1000 1000
1000 1000 1000 1000 1000
1000 1000 1000 1000 1000
1000 1000 1000 1000 1000
1000 1000 1000 1000 1000
1000 1000 1000 1000 1000
1000 1000 1000 1000 1000
1000 1000 1000 1000 1000
1000 1000 1000 1000 1000
1000 1000 1000 1000 1000
1000 1000 1000 1000 1000
1000 1000 1000 1000 1000
1000 1000 1000 1000 1000
1000 1000 1000 1000 1000
1000 1000 1000 1000 1000
1000 1000 1000 1000 1000
1000 1000 1000 1000 1000
1000 1000 1000 1000 1000
1000 1000 1000 1000 1000
1000 1000 1000 1000 1000
1000 1000 1000 1000 1000
1000 1000 1000 1000 1000
1000 1000 1000 1000 1000
1000 1000 1000 1000 1000
1000 1000 1000 1000 1000
1000 1000 1000 1000 1000
1000 1000 1000 1000 1000
1000 1000 1000 1000 1000
1000 1000 1000 1000 1000
1000 1000 1000 1000 1000
1000 1000 1000 1000 1000
1000 1000 1000 1000 1000
1000 1000 1000 1000 1000
1000 1000 1000 1000 1000
1000 1000 1000 1000 1000
1000 1000 1000 1000 1000
1000 1000 1000 1000 1000
1000 1000 1000 1000 1000
1000 1000 1000 1000 1000
1000 1000 1000 1000 1000
1000 1000 1000 1000 1000
1000 1000 1000 1000 1000
1000 1000 1000 1000 1000
1000 1000 1000 1000 1000
1000 1000 1000 1000 1000
1000 1000 1000 1000 1000
1000 1000 1000 1000 1000
1000 1000 1000 1000 1000
1000 1000 1000 1000 1000
1000 1000 1000 1000 1000
1000 1000 1000 1000 1000
1000 1000 1000 1000 1000
1000 1000 1000 1000 1000
1000 1000 1000 1000 1000
1000 1000 1000 1000 1000
1000 1000 1000 1000 1000
1000 1000 1000 1000 1000
1000 1000 1000 1000 1000
1000 1000 1000 1000 1000
1000 1000 1000 1000 1000
1000 1000 1000 1000 1000
1000 1000 1000 1000 1000
1000 1000 1000 1000 1000
1000 1000 1000 1000 1000
1000 1000 1000 1000 1000
1000 1000 1000 1000 1000
1000 1000 1000 1000 1000
1000 1000 1000 1000 1000
1000 1000 1000 1000 1000
1000 1000 1000 1000 1000
1000 1000 1000 1000 1000
1000 1000 1000 1000 1000
1000 1000 1000 1000 1000
1000 1000 1000 1000 1000
1000 1000 1000 1000 1000
1000 1000 1000 1000 1000
1000 1000 1000 1000 1000
1000 1000 1000 1000 1000
1000 1000 1000 1000 1000
1000 1000 1000 1000 1000
1000 1000 1000 1000 1000
1000 1000 1000 1000 1000
1000 1000 1000 1000 1000
1000 1000 1000 1000 1000
1000 1000 1000 1000 1000
1000 1000 1000 1000 1000
1000 1000 1000 1000 1000
1000 1000 1000 1000 1000
1000 1000 1000 1000 1000
1000 1000 1000 1000 1000
1000 1000 1000 1000 1000
1000 1000 1000 1000 1000
1000 1000 1000 1000 1000
1000 1000 1000 1000 1000
1000 1000 1000 1000 1000
1000 1000 1000 1000 1000
1000 1000 1000 1000 1000
1000 1000 1000 1000 1000
1000 1000 1000 1000 1000
1000 1000 1000 1000 1000
1000 1000 1000 1000 1000
1000 1000 1000 1000 1000
1000 1000 1000 1000 1000
1000 1000 1000 1000 1000
1000 1000 1000 1000 1000
1000 1000 1000 1000 1000
1000 1000 1000 1000 1000
1000 1000 1000 1000 1000
1000 1000 1000 1000 1000
1000 1000 1000 1000 1000
1000 1000 1000 1000 1000
1000 1000 1000 1000 1000
1000 1000 1000 1000 1000
1000 1000 1000 1000 1000
1000 1000 1000 1000 1000
1000 1000 1000 1000 1000
1000 1000 1000 1000 1000
1000 1000 1000 1000 1000
1000 1000 1000 1000 1000
1000 1000 1000 1000 1000
1000 1000 1000 1000 1000
1000 1000 1000 1000 1000
1000 1000 1000 1000 1000
1000 1000 1000 1000 1000
1000 1000 1000 1000 1000
1000 1000 1000 1000 1000
1000 1000 1000 1000 1000
1000 1000 1000 1000 1000
1000 1000 1000 1000 1000
1000 1000 1000 1000 1000
1000 1000 1000 1000 1000
1000 1000 1000 1000 1000
1000 1000 1000 1000 1000
1000 1000 1000 1000 1000
1000 1000 1000 1000 1000
1000 1000 1000 1000 1000
1000 1000 1000 1000 1000
1000 1000 1000 1000 1000
1000 1000 1000 1000 1000
1000 1000 1000 1000 1000
1000 1000 1000 1000 1000
1000 1000 1000 1000 1000
1000 1000 1000 1000 1000
1000 1000 1000 1000 1000
1000 1000 1000 1000 1000
1000 1000 1000 1000 1000
1000 1000 1000 1000 1000
1000 1000 1000 1000 1000
1000 1000 1000 1000 1000
1000 1000 1000 1000 1000
1000 1000 1000 1000 1000
1000 1000 1000 1000 1000
1000 1000 1000 1000 1000
1000 1000 1000 1000 1000
1000 1000 1000 1000 1000
1000 1000 1000 1000 1000
1000 1000 1000 1000 1000
1000 1000 1000 1000 1000
1000 1000 1000 1000 1000
1000 1000 1000 1000 1000
1000 1000 1000 1000 1000
1000 1000 1000 1000 1000
1000 1000 1000 1000 1000
1000 1000 1000 1000 1000
1000 1000 1000 1000 1000
1000 1000 1000 1000 1000
1000 1000 1000 1000 1000
1000 1000 1000 1000 1000
1000 1000 1000 1000 1000
1000 1000 1000 1000 1000
1000 1000 1000 1000 1000
1000 1000 1000 1000 1000
1000 1000 1000 1000 1000
1000 1000 1000 1000 1000
1000 1000 1000 1000 1000
1000 1000 1000 1000 1000
1000 1000 1000 1000 1000
1000 1000 1000 1000 1000
1000 1000 1000 1000 1000
1000 1000 1000 1000 1000
1000 1000 1000 1000 1000
1000 1000 1000 1000 1000
1000 1000 1000 1000 1000
1000 1000 1000 1000 1000
1000 1000 1000 1000 1000
1000 1000 1000 1000 1000
1000 1000 1000 1000 1000
1000 1000 1000 1000 1000
1000 1000 1000 1000 1000
1000 1000 1000 1000 1000
1000 1000 1000 1000 1000
1000 1000 1000 1000 1000
1000 1000 1000 1000 1000
1000 1000 1000 1000 1000
1000 1000 1000 1000 1000
1000 1000 1000 1000 1000
1000 1000 1000 1000 1000
1000 1000 1000 1000 1000
1000 1000 1000 1000 1000
1000 1000 1000 1000 1000
1000 1000 1000 1000 1000
1000 1000 1000 1000 1000
1000 1000 1000 1000 1000
1000 1000 1000 1000 1000
1000 1000 1000 1000 1000
1000 1000 1000 1000 1000
