0.38047897881045656 
0.012191847826096214 
0.08144060216063732 
0.008578354210673444 
0.00925884074632935 
0.014677228366857262 
0.09642486282245721 
0.005182868178887196 
0.005182868178887196 
0.0032543787749317776 
0.004948578835422353 
0.005182868178887196 
0.0013740983132293182 
0.0034330171346134775 
0.004673260736576154 
0.0013714556470714313 
0.0037980221843408324 
0.004621934759103197 
0.0025194716682717167 
0.009038490837641135 
0.004621934759103197 
0.0025635524408961713 
0.004380949193223844 
0.003175752483032278 
0.0053787961819068714 
0.002119946791856964 
0.004583517262002178 
0.003826707224373796 
0.003761769209098218 
0.004563091654823509 
0.0049515635800329 
0.004888145097798106 
0.006702990576172519 
0.03828485273784563 
0.024034490809793512 
0.01989832676660287 
0.019699510182657837 
0.02508528828156267 
0.15984678639584665 
