0 0 0.0
0 1 0.012426148564661283
0 2 0.08786159267413854
0 3 0.007917508698880481
0 4 0.009667807424632913
0 5 0.02307396121101873
0 6 0.015334677374450972
0 7 0.015290804145809422
0 8 0.015334677374450972
0 9 0.015815083440051007
0 10 0.015334677374450972
0 11 0.007349634001191917
0 12 0.014847354619111266
0 13 0.007349634001191917
0 14 0.01533771608751651
0 15 0.03630978500103734
0 16 0.01533771608751651
0 17 0.06112817009254846
0 18 0.06039190438682972
0 19 0.04497072498044632
0 20 0.014119886711220416
0 21 0.014119886711220416
0 22 0.04270809923184342
0 23 0.03776066919939831
0 24 0.03776066919939831
0 25 0.032025064524708505
0 26 0.019196563339386602
0 27 0.016154068764251517
0 28 0.014482101308633068
0 29 0.012451970873022689
0 30 0.042369113907642926
0 31 0.03776066919939831
0 32 0.06112817009254846
0 33 0.06112817009254846
0 34 0.0
0 35 0.04134817384457769
0 36 0.009296031010107349
0 37 0.009296031010107349
0 38 0.015815083440051007
1 0 0.15488575289939335
1 1 0.0
1 2 0.0833451646430611
1 3 0.00528019612157023
1 4 0.00528019612157023
1 5 0.011000408586604643
1 6 0.009981651535234361
1 7 0.011379733020625494
1 8 0.009981651535234361
1 9 0.016159220889288204
1 10 0.009981651535234361
1 11 0.008345137548458694
1 12 0.01287806453500785
1 13 0.008345137548458694
1 14 0.011973104813843822
1 15 0.03660480788301201
1 16 0.011973104813843822
1 17 0.05521067137173468
1 18 0.03573778060525006
1 19 0.03476508437801088
1 20 0.013693612068152677
1 21 0.013693612068152677
1 22 0.03190118490115347
1 23 0.038046240732291244
1 24 0.038046240732291244
1 25 0.0406635793270351
1 26 0.009862435284542092
1 27 0.004096703887425178
1 28 0.012947607347911673
1 29 0.01567874327286179
1 30 0.03692091157802939
1 31 0.038046240732291244
1 32 0.05521067137173468
1 33 0.05521067137173468
1 34 0.0
1 35 0.03032698849996694
1 36 0.008193407774850356
1 37 0.008193407774850356
1 38 0.016159220889288204
2 0 0.1645151356741394
2 1 0.01796246883679094
2 2 0.0
2 3 0.007990890916518782
2 4 0.008331605424045166
2 5 0.01209266093379355
2 6 0.008992699731982072
2 7 0.006035514133324508
2 8 0.008992699731982072
2 9 0.0097822920827575
2 10 0.008992699731982072
2 11 0.003991227088166207
2 12 0.01105348168583808
2 13 0.003991227088166207
2 14 0.01006216471393989
2 15 0.038103239091700554
2 16 0.01006216471393989
2 17 0.06833029448441619
2 18 0.04942794034186321
2 19 0.04110720533305818
2 20 0.014230509264351949
2 21 0.014230509264351949
2 22 0.03603623774604049
2 23 0.045076529345740544
2 24 0.045076529345740544
2 25 0.025016016285937134
2 26 0.015218581336178464
2 27 0.013976866242082312
2 28 0.012386865206959186
2 29 0.001817144040140712
2 30 0.02725716060211068
2 31 0.045076529345740544
2 32 0.06833029448441619
2 33 0.06833029448441619
2 34 0.0
2 35 0.05381585646379226
2 36 0.0072620863604194895
2 37 0.0072620863604194895
2 38 0.0097822920827575
3 0 0.14806801395932248
3 1 0.012140728946904981
3 2 0.07963714387374793
3 3 0.0
3 4 0.005887067500008987
3 5 0.014555936126395845
3 6 0.017431182768646875
3 7 0.0075475224359089575
3 8 0.017431182768646875
3 9 0.012399501144707573
3 10 0.017431182768646875
3 11 0.0010782174908441366
3 12 0.014816505353349845
3 13 0.0010782174908441366
3 14 0.02169912700323825
3 15 0.03509597932697664
3 16 0.02169912700323825
3 17 0.05916718481007199
3 18 0.0399838986188034
3 19 0.04294001157286773
3 20 0.008140542055873232
3 21 0.008140542055873232
3 22 0.01676628198262632
3 23 0.03196914860352865
3 24 0.03196914860352865
3 25 0.05635483418812022
3 26 0.01832969734435032
3 27 0.013010491056185916
3 28 0.005462968620276959
3 29 0.015095044871817911
3 30 0.010782174908441366
3 31 0.03196914860352865
3 32 0.05916718481007199
3 33 0.05916718481007199
3 34 0.0
3 35 0.04903194039613712
3 36 0.0010782174908441366
3 37 0.0010782174908441366
3 38 0.012399501144707573
4 0 0.15167073470655648
4 1 0.012746894977972649
4 2 0.08876873728390672
4 3 0.005454392365182654
4 4 0.0
4 5 0.015412725678695094
4 6 0.0180766535737782
4 7 0.01341477975738277
4 8 0.0180766535737782
4 9 0.01298664848853013
4 10 0.0180766535737782
4 11 0.0014271042295088052
4 12 0.014755068479596454
4 13 0.0014271042295088052
4 14 0.020532462102057936
4 15 0.0336154401260799
4 16 0.020532462102057936
4 17 0.056416997953056824
4 18 0.0414692704024767
4 19 0.040283584638459796
4 20 0.007542245852954035
4 21 0.007542245852954035
4 22 0.021527867302140326
4 23 0.030119034763783328
4 24 0.030119034763783328
4 25 0.05221298674362882
4 26 0.01698254033115478
4 27 0.01205427372525104
4 28 0.005061463000657896
4 29 0.013985621449186289
4 30 0.009989729606561635
4 31 0.030119034763783328
4 32 0.056416997953056824
4 33 0.056416997953056824
4 34 0.0
4 35 0.04892470074813561
4 36 0.0014271042295088052
4 37 0.0014271042295088052
4 38 0.01298664848853013
5 0 0.1555350273904295
5 1 0.009032614942025717
5 2 0.10202953755112104
5 3 0.003150912189078738
5 4 0.0035710338142892367
5 5 0.0
5 6 0.02307067896155937
5 7 0.023166706761607484
5 8 0.02307067896155937
5 9 0.012667667289680362
5 10 0.02307067896155937
5 11 0.0023806892095261578
5 12 0.0141610996383453
5 13 0.0023806892095261578
5 14 0.013860512618403027
5 15 0.036113954989969596
5 16 0.013860512618403027
5 17 0.04789086440524532
5 18 0.058126327571832045
5 19 0.03231935645369335
5 20 0.007441654358936911
5 21 0.007441654358936911
5 22 0.04609284387830277
5 23 0.021651268042098184
5 24 0.021651268042098184
5 25 0.03781094626894486
5 26 0.015764563841232038
5 27 0.019005502092855883
5 28 0.01375064747911187
5 29 0.01179007989479621
5 30 0.01483096022965315
5 31 0.021651268042098184
5 32 0.04789086440524532
5 33 0.04789086440524532
5 34 0.0
5 35 0.04883913893072045
5 36 0.002184632451094592
5 37 0.002184632451094592
5 38 0.012667667289680362
6 0 0.21062494891034364
6 1 0.007435821274825526
6 2 0.09281604567273645
6 3 0.0071383884238325045
6 4 0.010282678562901585
6 5 0.043609321343214845
6 6 0.0
6 7 0.0
6 8 0.031033779469120806
6 9 0.0
6 10 0.031033779469120806
6 11 0.0
6 12 0.02060784753308789
6 13 0.0
6 14 0.015768392478631373
6 15 0.0
6 16 0.015768392478631373
6 17 0.0
6 18 0.1262349533374394
6 19 0.0
6 20 0.0
6 21 0.0
6 22 0.1098093758928044
6 23 0.0
6 24 0.04315325763835888
6 25 0.05608733761582682
6 26 0.030037885256476143
6 27 0.03666638879289204
6 28 0.03379214879789917
6 29 0.026053229284442654
6 30 0.052046027767413704
6 31 0.0
6 32 0.0
6 33 0.0
6 34 0.0
6 35 0.0
6 36 0.0
6 37 0.0
6 38 0.0
7 0 0.1591494343850479
7 1 0.0012661794159788554
7 2 0.033973073680679415
7 3 0.004489181565743214
7 4 0.005064717663915421
7 5 0.020412346948507604
7 6 0.0
7 7 0.0
7 8 0.0
7 9 0.02286577511557313
7 10 0.0
7 11 0.007158572802027641
7 12 0.0
7 13 0.007158572802027641
7 14 0.0
7 15 0.04943443986086278
7 16 0.0
7 17 0.06303353566624606
7 18 0.0
7 19 0.05074172899813966
7 20 0.023264539412163873
7 21 0.023264539412163873
7 22 0.0
7 23 0.04767905476143755
7 24 0.04767905476143755
7 25 0.048165976571478475
7 26 0.032054620020105395
7 27 0.021165111622942365
7 28 0.02043061793575117
7 29 0.017847100339511486
7 30 0.013790941171440696
7 31 0.04767905476143755
7 32 0.06303353566624606
7 33 0.06303353566624606
7 34 0.0
7 35 0.042676001679469146
7 36 0.02031149109892314
7 37 0.02031149109892314
7 38 0.02286577511557313
8 0 0.21062494891034364
8 1 0.007435821274825526
8 2 0.09281604567273645
8 3 0.0071383884238325045
8 4 0.010282678562901585
8 5 0.043609321343214845
8 6 0.031033779469120806
8 7 0.0
8 8 0.0
8 9 0.0
8 10 0.031033779469120806
8 11 0.0
8 12 0.02060784753308789
8 13 0.0
8 14 0.015768392478631373
8 15 0.0
8 16 0.015768392478631373
8 17 0.0
8 18 0.1262349533374394
8 19 0.0
8 20 0.0
8 21 0.0
8 22 0.1098093758928044
8 23 0.0
8 24 0.04315325763835888
8 25 0.05608733761582682
8 26 0.030037885256476143
8 27 0.03666638879289204
8 28 0.03379214879789917
8 29 0.026053229284442654
8 30 0.052046027767413704
8 31 0.0
8 32 0.0
8 33 0.0
8 34 0.0
8 35 0.0
8 36 0.0
8 37 0.0
8 38 0.0
9 0 0.0
9 1 0.0
9 2 0.0
9 3 0.0
9 4 0.0
9 5 0.0
9 6 0.0
9 7 0.0
9 8 0.0
9 9 0.0
9 10 0.0
9 11 0.007701831142989123
9 12 0.0
9 13 0.007701831142989123
9 14 0.0
9 15 0.051119569148410676
9 16 0.0
9 17 0.09451357269730529
9 18 0.0
9 19 0.0642966427314562
9 20 0.04719032987037724
9 21 0.04719032987037724
9 22 0.0
9 23 0.072582934866421
9 24 0.072582934866421
9 25 0.13980781617188734
9 26 0.05765099490391551
9 27 0.05765099490391551
9 28 0.06161069340115851
9 29 0.02215215942513564
9 30 0.12366442999081972
9 31 0.072582934866421
9 32 0.0
9 33 0.0
9 34 0.0
9 35 0.0
9 36 0.0
9 37 0.0
9 38 0.0
10 0 0.21062494891034364
10 1 0.007435821274825526
10 2 0.09281604567273645
10 3 0.0071383884238325045
10 4 0.010282678562901585
10 5 0.043609321343214845
10 6 0.031033779469120806
10 7 0.0
10 8 0.031033779469120806
10 9 0.0
10 10 0.0
10 11 0.0
10 12 0.02060784753308789
10 13 0.0
10 14 0.015768392478631373
10 15 0.0
10 16 0.015768392478631373
10 17 0.0
10 18 0.1262349533374394
10 19 0.0
10 20 0.0
10 21 0.0
10 22 0.1098093758928044
10 23 0.0
10 24 0.04315325763835888
10 25 0.05608733761582682
10 26 0.030037885256476143
10 27 0.03666638879289204
10 28 0.03379214879789917
10 29 0.026053229284442654
10 30 0.052046027767413704
10 31 0.0
10 32 0.0
10 33 0.0
10 34 0.0
10 35 0.0
10 36 0.0
10 37 0.0
10 38 0.0
11 0 0.0
11 1 0.0
11 2 0.0
11 3 0.0
11 4 0.0
11 5 0.0
11 6 0.0
11 7 0.0
11 8 0.0
11 9 0.0
11 10 0.0
11 11 0.0
11 12 0.0
11 13 0.0019232002051413552
11 14 0.0
11 15 0.05176613885505481
11 16 0.0
11 17 0.07524520802615552
11 18 0.0
11 19 0.10569587794089363
11 20 0.07593435476633119
11 21 0.07593435476633119
11 22 0.0
11 23 0.05961920635938201
11 24 0.05961920635938201
11 25 0.026924802871978973
11 26 0.021796268991602027
11 27 0.05641387268414642
11 28 0.04914844968694574
11 29 0.0581233839776054
11 30 0.2222364681496677
11 31 0.05961920635938201
11 32 0.0
11 33 0.0
11 34 0.0
11 35 0.0
11 36 0.0
11 37 0.0
11 38 0.0
12 0 0.28922328692521243
12 1 0.00631035881850379
12 2 0.08566932953242588
12 3 0.008553455523460705
12 4 0.009872924173435361
12 5 0.024319063855842402
12 6 0.016996641166887816
12 7 0.0
12 8 0.016996641166887816
12 9 0.0
12 10 0.016996641166887816
12 11 0.0
12 12 0.0
12 13 0.0
12 14 0.015424667058004314
12 15 0.0
12 16 0.015424667058004314
12 17 0.0
12 18 0.13286138243557893
12 19 0.0
12 20 0.0
12 21 0.0
12 22 0.07721279212289783
12 23 0.0
12 24 0.03230813237223656
12 25 0.03245892878937652
12 26 0.03658069752453545
12 27 0.027561186824351554
12 28 0.02803452002259643
12 29 0.031838987963356685
12 30 0.0953556954995176
12 31 0.0
12 32 0.0
12 33 0.0
12 34 0.0
12 35 0.0
12 36 0.0
12 37 0.0
12 38 0.0
13 0 0.0
13 1 0.0
13 2 0.0
13 3 0.0
13 4 0.0
13 5 0.0
13 6 0.0
13 7 0.0
13 8 0.0
13 9 0.0
13 10 0.0
13 11 0.0
13 12 0.0
13 13 0.0
13 14 0.0
13 15 0.05186588734022738
13 16 0.0
13 17 0.07539019847132121
13 18 0.0
13 19 0.1058995439655726
13 20 0.07608067313250692
13 21 0.07608067313250692
13 22 0.0
13 23 0.05973408696769221
13 24 0.05973408696769221
13 25 0.02697668443702229
13 26 0.021838268353779947
13 27 0.05652257691566575
13 28 0.04924315413107243
13 29 0.05823538227674653
13 30 0.2226646969405014
13 31 0.05973408696769221
13 32 0.0
13 33 0.0
13 34 0.0
13 35 0.0
13 36 0.0
13 37 0.0
13 38 0.0
14 0 0.21869343137611366
14 1 0.006520517246494147
14 2 0.12402562216020654
14 3 0.009021994451031544
14 4 0.011213764954054784
14 5 0.030001844059499308
14 6 0.01956733746907117
14 7 0.0
14 8 0.01956733746907117
14 9 0.0
14 10 0.01956733746907117
14 11 0.0
14 12 0.01734714882365623
14 13 0.0
14 14 0.0
14 15 0.0
14 16 0.014317411818532525
14 17 0.0
14 18 0.09699123342849347
14 19 0.0
14 20 0.0
14 21 0.0
14 22 0.06825657759460335
14 23 0.0
14 24 0.039051632701692374
14 25 0.06989842017250211
14 26 0.04680224143702095
14 27 0.029220430227986677
14 28 0.02862854630953741
14 29 0.024175122765713368
14 30 0.10713204806564817
14 31 0.0
14 32 0.0
14 33 0.0
14 34 0.0
14 35 0.0
14 36 0.0
14 37 0.0
14 38 0.0
15 0 0.0
15 1 0.0
15 2 0.0
15 3 0.0
15 4 0.0
15 5 0.0
15 6 0.0
15 7 0.0
15 8 0.0
15 9 0.0
15 10 0.0
15 11 0.0
15 12 0.0
15 13 0.0
15 14 0.0
15 15 0.0
15 16 0.0
15 17 0.08485226723446958
15 18 0.0
15 19 0.04429841467966251
15 20 0.04187852199930249
15 21 0.04187852199930249
15 22 0.0
15 23 0.059717199899655536
15 24 0.059717199899655536
15 25 0.029002000770939267
15 26 0.0487037818853748
15 27 0.06632525070822397
15 28 0.12069890334909886
15 29 0.10099712223466331
15 30 0.2422136154399963
15 31 0.059717199899655536
15 32 0.0
15 33 0.0
15 34 0.0
15 35 0.0
15 36 0.0
15 37 0.0
15 38 0.0
16 0 0.21869343137611366
16 1 0.006520517246494147
16 2 0.12402562216020654
16 3 0.009021994451031544
16 4 0.011213764954054784
16 5 0.030001844059499308
16 6 0.01956733746907117
16 7 0.0
16 8 0.01956733746907117
16 9 0.0
16 10 0.01956733746907117
16 11 0.0
16 12 0.01734714882365623
16 13 0.0
16 14 0.014317411818532525
16 15 0.0
16 16 0.0
16 17 0.0
16 18 0.09699123342849347
16 19 0.0
16 20 0.0
16 21 0.0
16 22 0.06825657759460335
16 23 0.0
16 24 0.039051632701692374
16 25 0.06989842017250211
16 26 0.04680224143702095
16 27 0.029220430227986677
16 28 0.02862854630953741
16 29 0.024175122765713368
16 30 0.10713204806564817
16 31 0.0
16 32 0.0
16 33 0.0
16 34 0.0
16 35 0.0
16 36 0.0
16 37 0.0
16 38 0.0
17 0 0.0
17 1 0.0
17 2 0.0
17 3 0.0
17 4 0.0
17 5 0.0
17 6 0.0
17 7 0.0
17 8 0.0
17 9 0.0
17 10 0.0
17 11 0.0
17 12 0.0
17 13 0.0
17 14 0.0
17 15 0.0
17 16 0.0
17 17 0.0
17 18 0.0
17 19 0.04950495049504949
17 20 0.05780037463205779
17 21 0.05780037463205779
17 22 0.0
17 23 0.08587071886660272
17 24 0.08587071886660272
17 25 0.08081950010974373
17 26 0.04858791375645307
17 27 0.049670317775779994
17 28 0.06859234359512477
17 29 0.11561678487921671
17 30 0.2139952835247083
17 31 0.08587071886660272
17 32 0.0
17 33 0.0
17 34 0.0
17 35 0.0
17 36 0.0
17 37 0.0
17 38 0.0
18 0 0.0
18 1 0.0
18 2 0.0
18 3 0.0
18 4 0.0
18 5 0.0
18 6 0.0
18 7 0.0
18 8 0.0
18 9 0.0
18 10 0.0
18 11 0.0
18 12 0.0
18 13 0.0
18 14 0.0
18 15 0.0
18 16 0.0
18 17 0.0
18 18 0.0
18 19 0.0
18 20 0.0
18 21 0.0
18 22 0.12794650735835875
18 23 0.0
18 24 0.12712303688974336
18 25 0.16981636897486882
18 26 0.08080065600257963
18 27 0.06378804505799254
18 28 0.030867718281795634
18 29 0.07904391900286682
18 30 0.3206137484317944
18 31 0.0
18 32 0.0
18 33 0.0
18 34 0.0
18 35 0.0
18 36 0.0
18 37 0.0
18 38 0.0
19 0 0.0
19 1 0.0
19 2 0.0
19 3 0.0
19 4 0.0
19 5 0.0
19 6 0.0
19 7 0.0
19 8 0.0
19 9 0.0
19 10 0.0
19 11 0.0
19 12 0.0
19 13 0.0
19 14 0.0
19 15 0.0
19 16 0.0
19 17 0.0
19 18 0.0
19 19 0.0
19 20 0.044066317626527046
19 21 0.044066317626527046
19 22 0.0
19 23 0.05962769051774288
19 24 0.05962769051774288
19 25 0.06980802792321116
19 26 0.10762070971495054
19 27 0.11416521233275158
19 28 0.07538297459763428
19 29 0.04629629629629629
19 30 0.31971107232887336
19 31 0.05962769051774288
19 32 0.0
19 33 0.0
19 34 0.0
19 35 0.0
19 36 0.0
19 37 0.0
19 38 0.0
20 0 0.2046030359837885
20 1 0.025983256194042844
20 2 0.12713667681922358
20 3 0.00870136951614458
20 4 0.00870136951614458
20 5 0.042816262698489205
20 6 0.0
20 7 0.029280799006708748
20 8 0.0
20 9 0.0
20 10 0.0
20 11 0.0
20 12 0.0
20 13 0.0
20 14 0.0
20 15 0.0
20 16 0.0
20 17 0.0
20 18 0.0
20 19 0.0
20 20 0.0
20 21 0.016969684762388446
20 22 0.0
20 23 0.017563875504810356
20 24 0.017563875504810356
20 25 0.026829222674779125
20 26 0.012729781329174478
20 27 0.032066158031717994
20 28 0.02661437404475086
20 29 0.019443801017557646
20 30 0.0447422272033854
20 31 0.017563875504810356
20 32 0.05124139826174031
20 33 0.05124139826174031
20 34 0.0
20 35 0.07762749563708614
20 36 0.04233285328092561
20 37 0.04233285328092561
20 38 0.05591435596485498
21 0 0.20813502168987866
21 1 0.026431795430197233
21 2 0.12933138973287203
21 3 0.008851578004531168
21 4 0.008851578004531168
21 5 0.043555383831820026
21 6 0.0
21 7 0.029786262491438214
21 8 0.0
21 9 0.0
21 10 0.0
21 11 0.0
21 12 0.0
21 13 0.0
21 14 0.0
21 15 0.0
21 16 0.0
21 17 0.0
21 18 0.0
21 19 0.0
21 20 0.0
21 21 0.0
21 22 0.0
21 23 0.017867074120257356
21 24 0.017867074120257356
21 25 0.0272923655139711
21 26 0.012949530784406707
21 27 0.032619704127809304
21 28 0.027073808032377734
21 29 0.01977945208419928
21 30 0.045514595541817665
21 31 0.017867074120257356
21 32 0.05212595936001687
21 33 0.05212595936001687
21 34 0.0
21 35 0.07896755006820166
21 36 0.04306362949823496
21 37 0.04306362949823496
21 38 0.05687958458467249
22 0 0.2964125979746738
22 1 0.02034111349012284
22 2 0.09952954135632198
22 3 0.02194948060329534
22 4 0.02194948060329534
22 5 0.05514401530877153
22 6 0.02783781622491008
22 7 0.0
22 8 0.02783781622491008
22 9 0.0
22 10 0.02783781622491008
22 11 0.0
22 12 0.03587514656076371
22 13 0.0
22 14 0.011478199755140747
22 15 0.0
22 16 0.011478199755140747
22 17 0.0
22 18 0.0
22 19 0.0
22 20 0.0
22 21 0.0
22 22 0.0
22 23 0.0
22 24 0.07430025330655723
22 25 0.021003382301429164
22 26 0.025103141609515944
22 27 0.04024071443937479
22 28 0.03092690226766997
22 29 0.05558853133631503
22 30 0.04511837679566265
22 31 0.0
22 32 0.0
22 33 0.0
22 34 0.050047473861218626
22 35 0.0
22 36 0.0
22 37 0.0
22 38 0.0
23 0 0.32452722776680726
23 1 0.0044831082884133015
23 2 0.08667342690932381
23 3 0.012577609364715095
23 4 0.012577609364715095
23 5 0.0422515166070698
23 6 0.0
23 7 0.04349682446496238
23 8 0.0
23 9 0.0
23 10 0.0
23 11 0.0
23 12 0.0
23 13 0.0
23 14 0.0
23 15 0.0
23 16 0.0
23 17 0.0
23 18 0.0
23 19 0.0
23 20 0.0
23 21 0.0
23 22 0.0
23 23 0.0
23 24 0.0
23 25 0.0
23 26 0.0
23 27 0.0
23 28 0.0
23 29 0.0
23 30 0.0
23 31 0.07845439504723276
23 32 0.08412054580064401
23 33 0.08412054580064401
23 34 0.0
23 35 0.14538969240895908
23 36 0.024070021881838075
23 37 0.024070021881838075
23 38 0.03318745441283735
24 0 0.23973138310105332
24 1 0.003311715192493446
24 2 0.06402649372153994
24 3 0.009291200956717722
24 4 0.009291200956717722
24 5 0.031211601516555294
24 6 0.025074415028878947
24 7 0.0
24 8 0.025074415028878947
24 9 0.0
24 10 0.025074415028878947
24 11 0.0
24 12 0.023438270023063736
24 13 0.0
24 14 0.01610518638254253
24 15 0.0
24 16 0.01610518638254253
24 17 0.0
24 18 0.0
24 19 0.0
24 20 0.0
24 21 0.0
24 22 0.05013568833080355
24 23 0.0
24 24 0.0
24 25 0.09383193045398094
24 26 0.0395565981325606
24 27 0.050595648774205415
24 28 0.05028900847860419
24 29 0.062477960228753675
24 30 0.0730570504269966
24 31 0.0
24 32 0.0
24 33 0.0
24 34 0.09232063185423195
24 35 0.0
24 36 0.0
24 37 0.0
24 38 0.0
25 0 0.11054196985028426
25 1 0.007247773642442145
25 2 0.06667951751046773
25 3 0.00021474884866495242
25 4 0.00037581048516366675
25 5 0.008684545701367183
25 6 0.003332186301784512
25 7 0.008559275539645963
25 8 0.003332186301784512
25 9 0.0
25 10 0.003332186301784512
25 11 0.0
25 12 0.012995628838316104
25 13 0.0
25 14 0.0037572100647672306
25 15 0.0
25 16 0.0037572100647672306
25 17 0.0
25 18 0.0
25 19 0.0
25 20 0.0
25 21 0.0
25 22 0.028601862281563355
25 23 0.0
25 24 0.05661316522929808
25 25 0.0
25 26 0.06055917532351658
25 27 0.018683149833850866
25 28 0.017716780014858578
25 29 0.034789313483722294
25 30 0.14882095212481203
25 31 0.05661316522929808
25 32 0.08666726659995817
25 33 0.08666726659995817
25 34 0.05281479496853674
25 35 0.07432994524415666
25 36 0.010298741213832075
25 37 0.010298741213832075
25 38 0.023715431187566246
26 0 0.11601515397706375
26 1 0.0072349123002061
26 2 0.03417341554565435
26 3 0.0013340973035841036
26 4 0.0021037688248826247
26 5 0.013169934919996917
26 6 0.007200704677037277
26 7 0.027708174766746765
26 8 0.007200704677037277
26 9 0.0
26 10 0.007200704677037277
26 11 0.0
26 12 0.009385716606945855
26 13 0.0
26 14 0.006858628445349045
26 15 0.0
26 16 0.006858628445349045
26 17 0.0
26 18 0.0
26 19 0.0
26 20 0.0
26 21 0.0
26 22 0.033596161904680455
26 23 0.0
26 24 0.05823847844492145
26 25 0.06978355126439927
26 26 0.0
26 27 0.02822128911427911
26 28 0.027195060419214417
26 29 0.04515406258284657
26 30 0.09133435386075789
26 31 0.05823847844492145
26 32 0.09781242249835374
26 33 0.09781242249835374
26 34 0.057969093412466956
26 35 0.05188868839420864
26 36 0.007542780908725509
26 37 0.007542780908725509
26 38 0.02122583017625478
27 0 0.1042871063151407
27 1 0.0003718636912980453
27 2 0.04127686973408303
27 3 0.0007850455705180955
27 4 0.0010949319799331335
27 5 0.012636479139479871
27 6 0.010563683378725954
27 7 0.0059498190607687245
27 8 0.010563683378725954
27 9 0.0
27 10 0.010563683378725954
27 11 0.0
27 12 0.011557041480017492
27 13 0.0
27 14 0.007817745473076036
27 15 0.0
27 16 0.007817745473076036
27 17 0.0
27 18 0.0
27 19 0.0
27 20 0.0
27 21 0.0
27 22 0.073918238192467
27 23 0.0
27 24 0.05608944010412183
27 25 0.11527774430239403
27 26 0.04772250704991581
27 27 0.0
27 28 0.009916365101281207
27 29 0.02200193506846768
27 30 0.05361034882880152
27 31 0.05608944010412183
27 32 0.10221603214555021
27 33 0.10221603214555021
27 34 0.03621539171363741
27 35 0.056476798115890625
27 36 0.01282929734978256
27 37 0.01282929734978256
27 38 0.01730543437466644
28 0 0.12900347296404316
28 1 0.0002504111413083982
28 2 0.04469838872354908
28 3 0.0006677630434890619
28 4 0.0009807769701245597
28 5 0.011377807809449044
28 6 0.010294680253789705
28 7 0.012449011025046081
28 8 0.010294680253789705
28 9 0.0
28 10 0.010294680253789705
28 11 0.0
28 12 0.009687532605617359
28 13 0.0
28 14 0.006034212919028763
28 15 0.0
28 16 0.006034212919028763
28 17 0.0
28 18 0.0
28 19 0.0
28 20 0.0
28 21 0.0
28 22 0.06021344568711525
28 23 0.0
28 24 0.04783896178745858
28 25 0.10955487432242421
28 26 0.041943866169156706
28 27 0.026293169837381808
28 28 0.0
28 29 0.015963710258410386
28 30 0.09296513621074284
28 31 0.04783896178745858
28 32 0.07927599381921706
28 33 0.07927599381921706
28 34 0.05677029249412478
28 35 0.04517834341105684
28 36 0.01557915029140106
28 37 0.01557915029140106
28 38 0.013661318931380392
29 0 0.11039338419264502
29 1 0.00543240657015688
29 2 0.04660562378740925
29 3 0.0021139681675723604
29 4 0.0032201143017672007
29 5 0.00860335882151542
29 6 0.007932647990940137
29 7 0.015486045878727758
29 8 0.007932647990940137
29 9 0.0
29 10 0.007932647990940137
29 11 0.0
29 12 0.007671328282517917
29 13 0.0
29 14 0.007318122360831894
29 15 0.0
29 16 0.007318122360831894
29 17 0.0
29 18 0.0
29 19 0.0
29 20 0.0
29 21 0.0
29 22 0.03125682196607233
29 23 0.0
29 24 0.05170208967977362
29 25 0.10274868535409847
29 26 0.06587714754760379
29 27 0.024826835456373077
29 28 0.02040225091959371
29 29 0.0
29 30 0.10840232115109427
29 31 0.05170208967977362
29 32 0.08801031232533572
29 33 0.08801031232533572
29 34 0.05835447594132159
29 35 0.04847583012170535
29 36 0.0060715132254694545
29 37 0.0060715132254694545
29 38 0.010127382384183866
30 0 0.09698347182206186
30 1 0.003745712228599581
30 2 0.0420322146681988
30 3 0.0044207890978116594
30 4 0.006793202095328386
30 5 0.02100912694742456
30 6 0.009533554948363969
30 7 0.01185379874020553
30 8 0.009533554948363969
30 9 0.0
30 10 0.009533554948363969
30 11 0.0
30 12 0.013755265255152884
30 13 0.0
30 14 0.007553329465341875
30 15 0.0
30 16 0.007553329465341875
30 17 0.0
30 18 0.0
30 19 0.0
30 20 0.0
30 21 0.0
30 22 0.048401404196626835
30 23 0.0
30 24 0.051010094098367785
30 25 0.0985226470838654
30 26 0.0654245925819247
30 27 0.045789499643127736
30 28 0.05728509433028195
30 29 0.0569764877614993
30 30 0.0
30 31 0.051010094098367785
30 32 0.07463617719491142
30 33 0.07463617719491142
30 34 0.04833343727374019
30 35 0.04740807680335763
30 36 0.008455268901486446
30 37 0.008455268901486446
30 38 0.019354775305486058
31 0 0.35215536379606577
31 1 0.004864770950367755
31 2 0.09405223837377659
31 3 0.013648385166309535
31 4 0.013648385166309535
31 5 0.045848535742553244
31 6 0.0
31 7 0.04719986100654428
31 8 0.0
31 9 0.0
31 10 0.0
31 11 0.0
31 12 0.0
31 13 0.0
31 14 0.0
31 15 0.0
31 16 0.0
31 17 0.0
31 18 0.0
31 19 0.0
31 20 0.0
31 21 0.0
31 22 0.0
31 23 0.0
31 24 0.0
31 25 0.0
31 26 0.0
31 27 0.0
31 28 0.0
31 29 0.0
31 30 0.0
31 31 0.0
31 32 0.09128202158259494
31 33 0.09128202158259494
31 34 0.0
31 35 0.1577672245709542
31 36 0.02611918688828401
31 37 0.02611918688828401
31 38 0.03601281828536129
32 0 0.517380117858181
32 1 0.002532533518472696
32 2 0.14081289953707155
32 3 0.01894523414283758
32 4 0.02197216663503602
32 5 0.05445595693107482
32 6 0.0
32 7 0.060106230916511905
32 8 0.0
32 9 0.0
32 10 0.0
32 11 0.0
32 12 0.0
32 13 0.0
32 14 0.0
32 15 0.0
32 16 0.0
32 17 0.0
32 18 0.0
32 19 0.0
32 20 0.0
32 21 0.0
32 22 0.0
32 23 0.0
32 24 0.0
32 25 0.0
32 26 0.0
32 27 0.0
32 28 0.0
32 29 0.0
32 30 0.0
32 31 0.0
32 32 0.0
32 33 0.04419489601525959
32 34 0.0
32 35 0.06582737355950445
32 36 0.01871797397318522
32 37 0.01871797397318522
32 38 0.03633664293967997
33 0 0.5413029452356233
33 1 0.0026496338091464397
33 2 0.14732386231254074
33 3 0.019821231403614734
33 4 0.022988124402594543
33 5 0.056973913095931986
33 6 0.0
33 7 0.06288544669402762
33 8 0.0
33 9 0.0
33 10 0.0
33 11 0.0
33 12 0.0
33 13 0.0
33 14 0.0
33 15 0.0
33 16 0.0
33 17 0.0
33 18 0.0
33 19 0.0
33 20 0.0
33 21 0.0
33 22 0.0
33 23 0.0
33 24 0.0
33 25 0.0
33 26 0.0
33 27 0.0
33 28 0.0
33 29 0.0
33 30 0.0
33 31 0.0
33 32 0.0
33 33 0.0
33 34 0.0
33 35 0.06887112580281368
33 36 0.01958346308797704
33 37 0.01958346308797704
33 38 0.03801679106775317
34 0 0.44830975572736526
34 1 0.003353203192240082
34 2 0.2836343154403222
34 3 0.017425192657110847
34 4 0.02160134315294099
34 5 0.04217093147750041
34 6 0.024011695560968438
34 7 0.0
34 8 0.024011695560968438
34 9 0.0
34 10 0.024011695560968438
34 11 0.0
34 12 0.03692617776656079
34 13 0.0
34 14 0.03727199695152712
34 15 0.0
34 16 0.03727199695152712
34 17 0.0
34 18 0.0
34 19 0.0
34 20 0.0
34 21 0.0
34 22 0.0
34 23 0.0
34 24 0.0
34 25 0.0
34 26 0.0
34 27 0.0
34 28 0.0
34 29 0.0
34 30 0.0
34 31 0.0
34 32 0.0
34 33 0.0
34 34 0.0
34 35 0.0
34 36 0.0
34 37 0.0
34 38 0.0
35 0 0.5834072402820486
35 1 0.01614298314434271
35 2 0.17488658125947185
35 3 0.029787342907125768
35 4 0.03132233338043886
35 5 0.04704867625345373
35 6 0.0
35 7 0.03954427838392305
35 8 0.0
35 9 0.0
35 10 0.0
35 11 0.0
35 12 0.0
35 13 0.0
35 14 0.0
35 15 0.0
35 16 0.0
35 17 0.0
35 18 0.0
35 19 0.0
35 20 0.0
35 21 0.0
35 22 0.0
35 23 0.0
35 24 0.0
35 25 0.0
35 26 0.0
35 27 0.0
35 28 0.0
35 29 0.0
35 30 0.0
35 31 0.0
35 32 0.0
35 33 0.0
35 34 0.0
35 35 0.0
35 36 0.02097089365683461
35 37 0.02097089365683461
35 38 0.03591877707552642
36 0 0.4270128352019446
36 1 0.013150631555021594
36 2 0.2108275852471716
36 3 0.014611812838912882
36 4 0.014611812838912882
36 5 0.028852532018424797
36 6 0.0
36 7 0.13952193859327672
36 8 0.0
36 9 0.0
36 10 0.0
36 11 0.0
36 12 0.0
36 13 0.0
36 14 0.0
36 15 0.0
36 16 0.0
36 17 0.0
36 18 0.0
36 19 0.0
36 20 0.0
36 21 0.0
36 22 0.0
36 23 0.0
36 24 0.0
36 25 0.0
36 26 0.0
36 27 0.0
36 28 0.0
36 29 0.0
36 30 0.0
36 31 0.0
36 32 0.0
36 33 0.0
36 34 0.0
36 35 0.0
36 36 0.0
36 37 0.09610398044336416
36 38 0.05530687126297088
37 0 0.47241366923088773
37 1 0.01454883224452302
37 2 0.23324318360267066
37 3 0.01616536916058113
37 4 0.01616536916058113
37 5 0.03192018926311575
37 6 0.0
37 7 0.15435618209903468
37 8 0.0
37 9 0.0
37 10 0.0
37 11 0.0
37 12 0.0
37 13 0.0
37 14 0.0
37 15 0.0
37 16 0.0
37 17 0.0
37 18 0.0
37 19 0.0
37 20 0.0
37 21 0.0
37 22 0.0
37 23 0.0
37 24 0.0
37 25 0.0
37 26 0.0
37 27 0.0
37 28 0.0
37 29 0.0
37 30 0.0
37 31 0.0
37 32 0.0
37 33 0.0
37 34 0.0
37 35 0.0
37 36 0.0
37 37 0.0
37 38 0.06118720523860597
38 0 0.5727817036112054
38 1 0.013452696313726623
38 2 0.28800138587133056
38 3 0.007578983838719224
38 4 0.009473729798399031
38 5 0.05415364404761045
38 6 0.0
38 7 0.05455785651900882
38 8 0.0
38 9 0.0
38 10 0.0
38 11 0.0
38 12 0.0
38 13 0.0
38 14 0.0
38 15 0.0
38 16 0.0
38 17 0.0
38 18 0.0
38 19 0.0
38 20 0.0
38 21 0.0
38 22 0.0
38 23 0.0
38 24 0.0
38 25 0.0
38 26 0.0
38 27 0.0
38 28 0.0
38 29 0.0
38 30 0.0
38 31 0.0
38 32 0.0
38 33 0.0
38 34 0.0
38 35 0.0
38 36 0.0
38 37 0.0
38 38 0.0
