0 0
0
0 1
3
0.333333
0 1
0.333333
1 1
0.333333
2 1
0 2
3
0.333333
0 2
0.333333
1 2
0.333333
2 2
0 3
2
0.500000
0 3
0.500000
2 3
0 4
1
1.000000
1 3
0 5
1
1.000000
0 4
0 6
1
1.000000
1 4
0 7
2
0.500000
0 5
0.500000
1 5
0 8
2
0.500000
0 6
0.500000
1 6
1 0
3
0.333333
3 1
0.333333
4 1
0.333333
5 1
1 1
0
1 2
3
0.333333
0 1
0.333333
1 1
0.333333
2 1
1 3
2
0.500000
0 2
0.500000
2 2
1 4
1
1.000000
1 2
1 5
1
1.000000
0 3
1 6
1
1.000000
1 3
1 7
2
0.500000
0 4
0.500000
1 4
1 8
2
0.500000
0 5
0.500000
1 5
2 0
3
0.333333
3 2
0.333333
4 2
0.333333
5 2
2 1
3
0.333333
3 1
0.333333
4 1
0.333333
5 1
2 2
0
2 3
2
0.500000
0 1
0.500000
2 1
2 4
1
1.000000
1 1
2 5
1
1.000000
0 2
2 6
1
1.000000
1 2
2 7
2
0.500000
0 3
0.500000
1 3
2 8
2
0.500000
0 4
0.500000
1 4
3 0
1
1.000000
5 3
3 1
1
1.000000
5 2
3 2
1
1.000000
5 1
3 3
0
3 4
0
3 5
1
1.000000
0 1
3 6
0
3 7
1
1.000000
0 2
3 8
1
1.000000
0 3
4 0
1
1.000000
3 3
4 1
1
1.000000
3 2
4 2
1
1.000000
3 1
4 3
0
4 4
0
4 5
0
4 6
1
1.000000
1 1
4 7
1
1.000000
1 2
4 8
1
1.000000
1 3
5 0
1
1.000000
5 4
5 1
1
1.000000
5 3
5 2
1
1.000000
5 2
5 3
1
1.000000
5 1
5 4
0
5 5
0
5 6
0
5 7
1
1.000000
0 1
5 8
1
1.000000
0 2
6 0
1
1.000000
3 4
6 1
1
1.000000
3 3
6 2
1
1.000000
3 2
6 3
0
6 4
1
1.000000
3 1
6 5
0
6 6
0
6 7
1
1.000000
1 1
6 8
1
1.000000
1 2
7 0
2
0.500000
3 5
0.500000
5 5
7 1
2
0.500000
3 4
0.500000
5 4
7 2
2
0.500000
3 3
0.500000
5 3
7 3
1
1.000000
5 2
7 4
1
1.000000
3 2
7 5
1
1.000000
5 1
7 6
1
1.000000
3 1
7 7
0
7 8
2
0.500000
0 1
0.500000
1 1
8 0
2
0.500000
3 6
0.500000
5 6
8 1
2
0.500000
3 5
0.500000
5 5
8 2
2
0.500000
3 4
0.500000
5 4
8 3
1
1.000000
5 3
8 4
1
1.000000
3 3
8 5
1
1.000000
5 2
8 6
1
1.000000
3 2
8 7
2
0.500000
3 1
0.500000
5 1
8 8
0
