0 18 0 38 0 58 0 30606 0 30626 0 30646 0
1 635 0 30043 0
2 1661 0 1690 0
3 2692 0 28229 0
4 2948 0 27972 0
5 3349 0 27572 0
6 3933 0 26986 0
7 3936 0 26555 0
8 4182 0 26733 0
9 4291 0
10 4600 0 26328 0
11 4685 0
12 4872 0 26046 0
13 4965 0
14 5277 0 25639 0
15 5413 0
16 5560 0 25359 0
17 5807 0
18 6297 0
19 6382 0
20 6745 0
21 7022 0
22 7258 0 23778 0
23 7272 0
24 7583 0 23484 0
25 8822 0 22268 0
26 9263 0 21823 0
27 9657 0 21429 0
28 10033 0 21052 0
29 10524 0 20561 0
30 10905 0 10930 0 20018 0 20038 0
31 23529 0
32 24091 0
33 24633 0
34 24661 0
35 25017 0
36 25386 0
37 25746 0
38 26208 0
