0 S1 0 2 E W 112 30519 20 20 2 30 1 1 30 0 0
1 S2 0 2 E W 292 30339 5 5 2 30 1 1 30 0 0
2 S3 0 2 E W 497 30093 28 28 2 30 1 1 30 0 0
3 S4 0 2 E W 659 29956 20 20 2 30 1 1 30 0 0
4 S5 0 3 N E W None 1821 29017 25 30 10 2 30 1 0 0 30 0 1 1
5 S6 0 1 E 1715 30 2 30 1 30 0
6 S7 0 2 E W 2650 28242 5 5 2 30 1 1 30 0 0
7 S8 0 2 E W 2728 28155 5 5 2 30 1 1 30 0 0
8 S9 0 2 E W 3295 27590 5 5 2 30 1 1 30 0 0
9 S10 0 2 E W 4145 26744 5 5 2 30 1 1 30 0 0
10 S11 0 2 E W 4235 26622 20 20 2 30 1 1 30 0 0
11 S12 0 2 E W 4615 26248 25 25 2 30 1 1 30 0 0
12 S13 0 2 E W 4795 26057 25 25 2 30 1 1 30 0 0
13 S14 0 2 E W 4897 25986 5 5 2 30 1 1 30 0 0
14 S15 0 2 E W 5051 25821 20 20 2 30 1 1 30 0 0
15 S16 0 2 E W 5482 25394 20 20 2 30 1 1 30 0 0
16 S17 0 2 E W 5859 25002 20 20 2 30 1 1 30 0 0
17 S18 0 1 E 6191 20 2 30 1 30 0
18 S19 0 1 E 6375 25 2 30 1 30 0
19 S20 0 1 E 6461 20 2 30 1 30 0
20 S21 0 2 N E 7477 7477 10 20 2 30 1 0 30 0 1
21 S22 0 2 E W 8857 22201 5 5 2 30 1 1 30 0 0
22 S23 0 2 E W 9186 21832 35 35 2 30 1 1 30 0 0
23 S24 0 2 E W 9465 21561 30 30 2 30 1 1 30 0 0
24 S25 0 2 E W 9616 21436 5 5 2 30 1 1 30 0 0
25 S26 0 2 E W 9764 21263 30 30 2 30 1 1 30 0 0
26 S27 0 2 E W 9981 21069 5 5 2 30 1 1 30 0 0
27 S28 0 2 E W 10563 20457 35 35 2 30 1 1 30 0 0
28 S29 0 2 E W 10741 20304 5 5 2 30 1 1 30 0 0
29 S30 0 1 W 24498 20 2 30 1 30 0
30 S31 0 1 W 24539 20 2 30 1 30 0
31 S32 0 1 W 24723 20 2 30 1 30 0
32 S33 0 1 E 4021 15 2 30 1 30 0
33 S34 0 1 E 4235 20 2 30 1 30 0
34 S35 0 1 E 4334 20 2 30 1 30 0
35 S36 0 1 E 4426 20 2 30 1 30 0
36 S37 0 1 E 4521 20 2 30 1 30 0
37 S38 0 1 E 4801 20 2 30 1 30 0
38 S39 0 1 E 5174 20 2 30 1 30 0
39 S40 0 1 E 5269 20 2 30 1 30 0
40 S41 0 1 E 5547 15 2 30 1 30 0
41 S42 0 1 E 5641 15 2 30 1 30 0
42 S43 0 1 E 5738 20 2 30 1 30 0
43 S44 0 1 E 5824 20 2 30 1 30 0
44 S45 0 1 E 5923 20 2 30 1 30 0
45 S46 0 1 E 6013 20 2 30 1 30 0
46 S47 0 1 E 6284 20 2 30 1 30 0
47 S48 0 1 E 6388 20 2 30 1 30 0
48 S49 0 1 E 6479 20 2 30 1 30 0
49 S50 0 1 E 6574 20 2 30 1 30 0
50 S51 0 1 E 6669 25 2 30 1 30 0
51 S52 0 1 E 6758 25 2 30 1 30 0
52 S53 0 1 E 6941 25 2 30 1 30 0
53 S54 0 1 E 7045 30 2 30 1 30 0
54 S55 0 1 W 23439 25 2 30 1 30 0
55 S56 0 1 W 23537 25 2 30 1 30 0
56 S57 0 1 W 23820 15 2 30 1 30 0
57 S58 0 1 W 24004 20 2 30 1 30 0
58 S59 0 1 W 24101 20 2 30 1 30 0
59 S60 0 1 W 24200 20 2 30 1 30 0
60 S61 0 1 W 24565 20 2 30 1 30 0
61 S62 0 1 W 24652 20 2 30 1 30 0
62 S63 0 1 W 24746 20 2 30 1 30 0
63 S64 0 1 W 24840 25 2 30 1 30 0
64 S65 0 1 W 24933 25 2 30 1 30 0
65 S66 0 1 W 25027 20 2 30 1 30 0
66 S67 0 1 W 25123 25 2 30 1 30 0
67 S68 0 1 W 25212 25 2 30 1 30 0
68 S69 0 1 W 25306 20 2 30 1 30 0
69 S70 0 1 W 25399 25 2 30 1 30 0
70 S71 0 1 W 25495 25 2 30 1 30 0
71 S72 0 1 W 25586 25 2 30 1 30 0
72 S73 0 1 W 25867 25 2 30 1 30 0
73 S74 0 1 W 25962 25 2 30 1 30 0
74 S75 0 1 W 26362 25 2 30 1 30 0
75 S76 0 1 W 26833 35 2 30 1 30 0
76 S77 0 1 E 7108 30 2 30 1 30 0
77 S78 0 1 E 7205 20 2 30 1 30 0
78 S79 0 1 W 7300 20 2 30 1 30 0
